0 0.644914 0.637255 0.028799 0.065359
0 0.617034 0.214461 0.036765 0.075980
0 0.508885 0.136438 0.027574 0.089869
0 0.441789 0.020425 0.045343 0.039216
0 0.960172 0.528595 0.037990 0.060458
0 0.638480 0.882761 0.031863 0.064542
0 0.780025 0.676471 0.049020 0.058824
0 0.388787 0.886029 0.017770 0.036765
0 0.389400 0.855801 0.026348 0.033497
0 0.379289 0.986111 0.029412 0.027778
0 0.632966 0.424837 0.042892 0.039216
0 0.015012 0.081699 0.021446 0.034314
0 0.432904 0.972222 0.027574 0.053922
0 0.405331 0.967729 0.025123 0.028595