0 0.863664 0.788399 0.072917 0.052288
0 0.559743 0.747549 0.050858 0.049020
0 0.594056 0.228758 0.044730 0.081699
0 0.655025 0.706699 0.028186 0.071895
0 0.217218 0.381944 0.041054 0.025327
0 0.699755 0.395425 0.035539 0.037582
0 0.205576 0.151144 0.058211 0.040850
0 0.365809 0.534722 0.030637 0.069444
0 0.751838 0.553922 0.035539 0.066993
0 0.169730 0.294526 0.045343 0.026961
0 0.177390 0.237745 0.048407 0.045752
0 0.376532 0.704657 0.023897 0.085784
0 0.644301 0.796569 0.053309 0.047386
0 0.327206 0.848856 0.039216 0.060458
0 0.314032 0.633987 0.058211 0.055556