0 0.488971 0.846814 0.024510 0.054739
0 0.527267 0.579657 0.044730 0.046569
0 0.216299 0.727533 0.046569 0.025327
0 0.771446 0.752451 0.025735 0.119281
0 0.861213 0.917892 0.030025 0.072712
0 0.856311 0.967320 0.031250 0.052288
0 0.976409 0.304739 0.044730 0.039216
0 0.073836 0.287173 0.026348 0.059641
0 0.189338 0.059641 0.033088 0.057190
0 0.700674 0.069444 0.022672 0.047386
0 0.683517 0.384395 0.025123 0.059641
0 0.772059 0.392974 0.035539 0.045752
0 0.814951 0.263072 0.030637 0.062092
0 0.290748 0.911356 0.031250 0.064542
0 0.316176 0.359477 0.036765 0.049020
0 0.439951 0.618056 0.024510 0.071078
0 0.973039 0.955882 0.025735 0.088235
0 0.759191 0.432598 0.030637 0.046569
0 0.586703 0.158497 0.049632 0.039216
0 0.044118 0.098448 0.024510 0.087418
0 0.238971 0.591912 0.044118 0.038399
0 0.272365 0.705065 0.043505 0.045752
0 0.352635 0.906454 0.028799 0.046569