0 0.238358 0.132353 0.045343 0.047386
0 0.071078 0.022467 0.071078 0.044935
0 0.493873 0.490605 0.037990 0.066176
0 0.496017 0.580065 0.025123 0.065359
0 0.511336 0.619690 0.030025 0.077614
0 0.214154 0.636438 0.030025 0.050654
0 0.184436 0.698121 0.022059 0.059641
0 0.211703 0.698938 0.045956 0.058007
0 0.810968 0.442810 0.027574 0.060458
0 0.847733 0.409722 0.048407 0.044935
0 0.580882 0.442810 0.030637 0.053922
0 0.586397 0.365605 0.039216 0.028595
0 0.694853 0.377859 0.028186 0.079248
0 0.704963 0.229167 0.050858 0.035131
0 0.671569 0.049020 0.039216 0.035948
0 0.752757 0.972631 0.060662 0.054739
0 0.972426 0.895425 0.053922 0.052288
0 0.943934 0.700572 0.088848 0.036765
0 0.450674 0.676879 0.050858 0.040033
0 0.290135 0.290033 0.030025 0.089869
0 0.924939 0.335784 0.060662 0.042484
0 0.957414 0.022876 0.056985 0.044118
0 0.196078 0.875817 0.036765 0.053922