0 0.308824 0.202614 0.012255 0.016340
0 0.327512 0.233660 0.037377 0.062092
0 0.369485 0.307190 0.046569 0.044118
0 0.446078 0.033905 0.035539 0.054739
0 0.554841 0.189951 0.033701 0.054739
0 0.375000 0.467729 0.035539 0.072712
0 0.261029 0.310866 0.057598 0.036765
0 0.708027 0.528595 0.041054 0.070261
0 0.791054 0.482843 0.031863 0.042484
0 0.152880 0.439134 0.023897 0.049837
0 0.518689 0.676471 0.023897 0.076797
0 0.933824 0.768791 0.029412 0.071895
0 0.500613 0.420752 0.034314 0.037582
0 0.472120 0.971814 0.032475 0.056373
0 0.567402 0.822712 0.039216 0.055556