0 0.537377 0.420752 0.024510 0.052288
0 0.192096 0.100899 0.058211 0.040033
0 0.929228 0.513480 0.023897 0.074346
0 0.221814 0.452614 0.028186 0.081699
0 0.261949 0.555964 0.030025 0.049837
0 0.020527 0.735294 0.034926 0.089869
0 0.110907 0.941176 0.012255 0.016340
0 0.125919 0.967320 0.030025 0.052288
0 0.550245 0.507353 0.031863 0.057190
0 0.748162 0.163807 0.037990 0.035131
0 0.146446 0.241830 0.031863 0.037582
0 0.848958 0.488971 0.050858 0.041667
0 0.845282 0.462827 0.048407 0.046569
0 0.394914 0.160948 0.030025 0.063725