0 0.378676 0.261438 0.024510 0.057190
0 0.415135 0.732435 0.033701 0.074346
0 0.745404 0.942810 0.022672 0.106209
0 0.655944 0.790850 0.055760 0.032680
0 0.625000 0.680147 0.061275 0.059641
0 0.609988 0.633987 0.027574 0.052288
0 0.291054 0.373366 0.028186 0.071895
0 0.866728 0.221405 0.044730 0.047386
0 0.127451 0.683824 0.039216 0.066993
0 0.159926 0.671977 0.045343 0.064542
0 0.408088 0.482435 0.036765 0.079248
0 0.781556 0.729167 0.094975 0.030229
0 0.612132 0.871732 0.034314 0.062092
0 0.559436 0.739379 0.050245 0.050654
0 0.417279 0.808824 0.079657 0.063725