0 0.068627 0.875408 0.047794 0.085784
0 0.604473 0.758170 0.026348 0.107843
0 0.621936 0.640523 0.041667 0.058824
0 0.670037 0.678922 0.028799 0.063725
0 0.739583 0.762255 0.041667 0.039216
0 0.656250 0.541667 0.067402 0.055556
0 0.939338 0.398284 0.031863 0.079248
0 0.740196 0.276552 0.050245 0.079248
0 0.205270 0.801062 0.028186 0.092320
0 0.060355 0.521650 0.049632 0.030229
0 0.782169 0.098856 0.068015 0.053922
0 0.827206 0.734477 0.039216 0.047386
0 0.280637 0.301879 0.046569 0.062908
0 0.433211 0.276552 0.035539 0.056373
0 0.984988 0.517565 0.026348 0.041667