0 0.525123 0.837418 0.012255 0.016340
0 0.541054 0.886846 0.031863 0.098856
0 0.452512 0.727533 0.026348 0.074346
0 0.483456 0.757761 0.042892 0.044935
0 0.659620 0.582108 0.026348 0.067810
0 0.687500 0.631536 0.033088 0.057190
0 0.699755 0.467320 0.028186 0.062092
0 0.733456 0.519608 0.046569 0.052288
0 0.903799 0.845588 0.018382 0.052288
0 0.883272 0.878268 0.044730 0.027778
0 0.874081 0.908905 0.059436 0.044935
0 0.330270 0.604575 0.031863 0.081699
0 0.223652 0.547386 0.046569 0.032680
0 0.484681 0.246324 0.033088 0.069444
0 0.590380 0.233252 0.018995 0.084150
0 0.399816 0.274101 0.058211 0.026961