0 0.401961 0.288399 0.044118 0.083333
0 0.670956 0.415850 0.035539 0.057190
0 0.744792 0.291667 0.064338 0.045752
0 0.768076 0.160131 0.058211 0.049020
0 0.946385 0.151552 0.060662 0.072712
0 0.910233 0.755719 0.056985 0.055556
0 0.393995 0.801062 0.075980 0.035131
0 0.208333 0.530637 0.039216 0.077614
0 0.106005 0.790033 0.082108 0.053922
0 0.030944 0.184641 0.055760 0.037582
0 0.825061 0.497549 0.053309 0.062092
0 0.873162 0.151144 0.047794 0.044118
0 0.122549 0.457108 0.064951 0.038399
0 0.327206 0.043709 0.077206 0.079248