0 0.725184 0.119690 0.063113 0.044935
0 0.926777 0.092729 0.047181 0.062908
0 0.971201 0.593546 0.057598 0.035131
0 0.716912 0.700572 0.084559 0.036765
0 0.435968 0.560866 0.056985 0.036765
0 0.138174 0.876225 0.022672 0.087418
0 0.165441 0.918301 0.026961 0.066993
0 0.361520 0.870098 0.026961 0.049020
0 0.457721 0.814134 0.041667 0.028595
0 0.563113 0.875817 0.035539 0.060458
0 0.346507 0.968137 0.056985 0.039216
0 0.047181 0.621324 0.040441 0.033497
0 0.902880 0.739379 0.044730 0.047386
0 0.973652 0.866830 0.046569 0.065359
0 0.357537 0.654412 0.052083 0.039216