0 0.393076 0.264706 0.047181 0.055556
0 0.319240 0.086601 0.045343 0.044118
0 0.204657 0.424020 0.067402 0.053922
0 0.224877 0.592729 0.034314 0.064542
0 0.173713 0.531454 0.043505 0.072712
0 0.786458 0.406454 0.047181 0.038399
0 0.098039 0.216503 0.012255 0.016340
0 0.119485 0.242647 0.042892 0.052288
0 0.378983 0.076797 0.021446 0.053922
0 0.413909 0.076797 0.060662 0.060458
0 0.161152 0.034722 0.045343 0.067810
0 0.116115 0.140523 0.059436 0.053922
0 0.127451 0.043709 0.034314 0.041667
0 0.395833 0.396242 0.039216 0.055556
0 0.437806 0.386438 0.055760 0.045752
0 0.952206 0.282271 0.036765 0.033497