0 0.104167 0.047386 0.045343 0.042484
0 0.144608 0.028595 0.050245 0.035948
0 0.608762 0.037173 0.043505 0.031863
0 0.663297 0.056373 0.050858 0.044118
0 0.718137 0.028595 0.034314 0.052288
0 0.742341 0.519199 0.059436 0.038399
0 0.556373 0.817810 0.041667 0.039216
0 0.661152 0.965278 0.041667 0.067810
0 0.216605 0.632353 0.027574 0.068627
0 0.283701 0.619690 0.035539 0.064542
0 0.279412 0.515114 0.036765 0.067810
0 0.176777 0.225899 0.056985 0.041667
0 0.408395 0.622141 0.056985 0.041667
0 0.204657 0.929330 0.044118 0.031863
0 0.331189 0.386029 0.042279 0.069444