0 0.725184 0.770425 0.027574 0.045752
0 0.671875 0.812908 0.060662 0.045752
0 0.621324 0.789216 0.047794 0.045752
0 0.435049 0.695670 0.039216 0.043301
0 0.467218 0.844771 0.048407 0.052288
0 0.493566 0.890931 0.060662 0.030229
0 0.133272 0.790850 0.088848 0.049020
0 0.571385 0.234069 0.049632 0.082516
0 0.596201 0.275327 0.012255 0.016340
0 0.115502 0.185458 0.048407 0.035948
0 0.754902 0.221405 0.036765 0.053922
0 0.938419 0.019199 0.023897 0.036765
0 0.901042 0.245915 0.060662 0.049020
0 0.941483 0.203840 0.053309 0.069444