0 0.851716 0.523693 0.040441 0.060458
0 0.706801 0.382761 0.031250 0.082516
0 0.281250 0.122958 0.033088 0.062908
0 0.316789 0.255310 0.035539 0.040033
0 0.104167 0.147467 0.071078 0.033497
0 0.917586 0.207516 0.055760 0.058824
0 0.970282 0.865196 0.025123 0.065359
0 0.784007 0.837827 0.071691 0.028595
0 0.631434 0.728758 0.065564 0.049020
0 0.398591 0.778186 0.063113 0.033497
0 0.928309 0.946895 0.044118 0.037582
0 0.645833 0.970588 0.036765 0.053922
0 0.544118 0.975490 0.045343 0.037582
0 0.490502 0.033497 0.033701 0.062092
0 0.807292 0.686275 0.027574 0.099673
0 0.423713 0.350082 0.061887 0.040033
0 0.208946 0.193219 0.047794 0.026961
0 0.407169 0.579248 0.061887 0.031046