0 0.252145 0.225899 0.045956 0.095588
0 0.142770 0.225899 0.064951 0.059641
0 0.292586 0.370098 0.055760 0.044118
0 0.655637 0.393791 0.042892 0.053922
0 0.710784 0.395425 0.041667 0.034314
0 0.895221 0.470588 0.039216 0.086601
0 0.711397 0.601716 0.040441 0.075980
0 0.779412 0.896242 0.028186 0.057190
0 0.445466 0.810458 0.042892 0.044118
0 0.522672 0.743464 0.052696 0.042484
0 0.503064 0.831291 0.051471 0.035131
0 0.193321 0.674428 0.049632 0.038399
0 0.029412 0.718137 0.033088 0.099673
0 0.042892 0.329657 0.039216 0.064542
0 0.136949 0.441585 0.053309 0.035131
0 0.341299 0.053922 0.022059 0.045752
0 0.675245 0.071487 0.051471 0.033497
0 0.388787 0.094363 0.015319 0.018791
0 0.390625 0.120507 0.016544 0.026961
0 0.410846 0.132353 0.023897 0.022876