0 0.279718 0.313725 0.061887 0.047386
0 0.256434 0.252859 0.030025 0.054739
0 0.700674 0.209150 0.037377 0.047386
0 0.592218 0.282271 0.030025 0.069444
0 0.730392 0.270016 0.052696 0.025327
0 0.773284 0.554739 0.018382 0.071895
0 0.636029 0.851716 0.024510 0.059641
0 0.078125 0.402369 0.071691 0.026961
0 0.401961 0.029412 0.034314 0.044118
0 0.280025 0.043709 0.035539 0.082516
0 0.904105 0.738562 0.028799 0.062092
0 0.522059 0.904820 0.031863 0.064542
0 0.517157 0.400327 0.029412 0.040850
0 0.371630 0.756536 0.059436 0.060458
0 0.444853 0.620098 0.036765 0.050654
0 0.906250 0.804330 0.037990 0.095588