0 0.521140 0.137663 0.018995 0.067810
0 0.636029 0.278186 0.039216 0.075980
0 0.318627 0.492239 0.029412 0.075980
0 0.199449 0.618056 0.061887 0.054739
0 0.375919 0.881127 0.055760 0.043301
0 0.508885 0.736111 0.034926 0.040850
0 0.445772 0.889706 0.025123 0.040850
0 0.548713 0.560049 0.023897 0.079248
0 0.053615 0.336601 0.048407 0.057190
0 0.066789 0.237745 0.036765 0.052288
0 0.129902 0.205065 0.039216 0.066993
0 0.377451 0.258578 0.047794 0.030229
0 0.776961 0.174428 0.095588 0.030229
0 0.942708 0.460376 0.017770 0.066176
0 0.443015 0.362337 0.025735 0.031863
0 0.241422 0.095997 0.036765 0.041667
0 0.250306 0.408905 0.023897 0.046569
0 0.410846 0.394608 0.026348 0.049020
0 0.431679 0.499183 0.030025 0.068627
0 0.593137 0.432598 0.041667 0.033497
0 0.766238 0.022059 0.033701 0.039216
0 0.699142 0.362745 0.034314 0.039216
0 0.293505 0.847222 0.039216 0.044118
0 0.192096 0.821078 0.033701 0.045752
0 0.128064 0.938317 0.028186 0.030229
0 0.039828 0.768791 0.040441 0.049020
0 0.052083 0.563725 0.035539 0.050654
0 0.110294 0.502859 0.040441 0.028595
0 0.226716 0.285131 0.030637 0.052288
0 0.803615 0.035131 0.020221 0.052288
0 0.780025 0.928513 0.029412 0.026961
0 0.901042 0.858252 0.027574 0.038399
0 0.428002 0.951797 0.025123 0.066993
0 0.798407 0.125408 0.047794 0.036765