0 0.856005 0.146650 0.036765 0.031863
0 0.503064 0.059232 0.041667 0.082516
0 0.384191 0.239379 0.029412 0.045752
0 0.199755 0.552288 0.044118 0.034314
0 0.429228 0.560049 0.050858 0.038399
0 0.575368 0.424837 0.031863 0.055556
0 0.613358 0.482435 0.041667 0.069444
0 0.678922 0.383578 0.024510 0.033497
0 0.861213 0.431781 0.028799 0.082516
0 0.407782 0.762255 0.025123 0.052288
0 0.414522 0.859069 0.049632 0.043301
0 0.959559 0.145016 0.044118 0.062908
0 0.731924 0.699755 0.028799 0.038399
0 0.768995 0.674428 0.036765 0.044935
0 0.875000 0.681373 0.044118 0.039216
0 0.696078 0.244690 0.066176 0.089052
0 0.551777 0.147467 0.030025 0.071078
0 0.822610 0.481618 0.027574 0.036765
0 0.958027 0.851716 0.055760 0.041667