0 0.746630 0.603758 0.041054 0.045752
0 0.481618 0.677288 0.036765 0.060458
0 0.369179 0.718954 0.021446 0.053922
0 0.341912 0.234477 0.033088 0.055556
0 0.378064 0.212418 0.049020 0.055556
0 0.171569 0.129902 0.041667 0.052288
0 0.712316 0.480392 0.027574 0.045752
0 0.375000 0.511846 0.042892 0.033497
0 0.245098 0.772467 0.031863 0.038399
0 0.461397 0.767974 0.077206 0.047386
0 0.982843 0.904412 0.034314 0.050654
0 0.865502 0.242239 0.034926 0.030229
0 0.025123 0.125408 0.044118 0.033497
0 0.211091 0.043709 0.049632 0.035131