0 0.061581 0.651961 0.038603 0.066993
0 0.091299 0.568219 0.046569 0.044935
0 0.122243 0.333333 0.041054 0.086601
0 0.268689 0.396650 0.020221 0.089052
0 0.302083 0.975082 0.053922 0.036765
0 0.480392 0.915441 0.056373 0.072712
0 0.581189 0.857026 0.044730 0.044118
0 0.761336 0.751225 0.020221 0.077614
0 0.563419 0.079657 0.054534 0.026961
0 0.721814 0.127859 0.028186 0.064542
0 0.776348 0.231209 0.050245 0.057190
0 0.795650 0.154412 0.026348 0.076797
0 0.583333 0.337418 0.047794 0.039216
0 0.942096 0.216095 0.028799 0.035131
0 0.674632 0.731618 0.033088 0.031863
0 0.936275 0.939542 0.030637 0.049020
0 0.957108 0.253676 0.031863 0.026961