0 0.337316 0.214052 0.054534 0.035948
0 0.217831 0.743056 0.053309 0.033497
0 0.766850 0.647467 0.045956 0.035131
0 0.626532 0.142565 0.020221 0.046569
0 0.627757 0.168709 0.058211 0.031863
0 0.272365 0.306781 0.065564 0.031863
0 0.430453 0.548611 0.058211 0.033497
0 0.661765 0.222631 0.047794 0.025327
0 0.887255 0.147467 0.037990 0.040033
0 0.402574 0.317810 0.028186 0.034314
0 0.518382 0.427696 0.031863 0.033497
0 0.770527 0.327206 0.048407 0.038399
0 0.535539 0.071895 0.042892 0.047386
0 0.231311 0.350082 0.026348 0.033497