0 0.189338 0.405637 0.029412 0.092320
0 0.688419 0.276144 0.023897 0.062092
0 0.137255 0.619281 0.022059 0.091503
0 0.547488 0.580065 0.023897 0.068627
0 0.567708 0.513480 0.033701 0.046569
0 0.432904 0.457516 0.030025 0.057190
0 0.302083 0.686275 0.034314 0.062092
0 0.155944 0.574346 0.027574 0.063725
0 0.324142 0.383578 0.037990 0.036765
0 0.291360 0.329657 0.034926 0.064542
0 0.954044 0.825163 0.035539 0.050654
0 0.374081 0.970588 0.026348 0.053922
0 0.684130 0.875408 0.066789 0.035131
0 0.869485 0.676062 0.042892 0.031863
0 0.380515 0.812092 0.044118 0.037582
0 0.140012 0.883578 0.026348 0.075980
0 0.136949 0.791667 0.020221 0.050654
0 0.174939 0.856618 0.037377 0.075980