0 0.261029 0.855801 0.050245 0.041667
0 0.154105 0.655637 0.052083 0.035131
0 0.469056 0.411765 0.033701 0.080065
0 0.526348 0.322304 0.046569 0.059641
0 0.579350 0.504902 0.055760 0.057190
0 0.296569 0.294526 0.020833 0.074346
0 0.348958 0.407680 0.054534 0.052288
0 0.376838 0.491422 0.046569 0.089052
0 0.187500 0.227533 0.029412 0.074346
0 0.416054 0.336601 0.039216 0.063725
0 0.226103 0.785948 0.026961 0.062092
0 0.023284 0.912173 0.040441 0.066176
0 0.155331 0.144199 0.014093 0.040033
0 0.148591 0.209150 0.025123 0.039216