0 0.905331 0.956291 0.036152 0.075980
0 0.695466 0.671160 0.029412 0.044935
0 0.111826 0.906046 0.058211 0.050654
0 0.168811 0.906454 0.058211 0.058007
0 0.073836 0.497549 0.063113 0.055556
0 0.079350 0.579248 0.061887 0.037582
0 0.081189 0.354167 0.055760 0.079248
0 0.112439 0.305147 0.094975 0.031863
0 0.517770 0.029412 0.068627 0.040850
0 0.844669 0.347631 0.061887 0.035131
0 0.828125 0.511029 0.049632 0.041667
0 0.649816 0.939951 0.071691 0.036765
0 0.030944 0.654820 0.027574 0.084150
0 0.490502 0.389706 0.031250 0.042484
0 0.432292 0.507761 0.066789 0.038399
0 0.493260 0.485703 0.041667 0.095588