0 0.094056 0.030229 0.026348 0.057190
0 0.622243 0.363154 0.044730 0.062908
0 0.580270 0.425245 0.042892 0.097222
0 0.631434 0.535948 0.033701 0.099673
0 0.654718 0.491422 0.065564 0.044935
0 0.210784 0.355801 0.024510 0.067810
0 0.254902 0.348039 0.074755 0.071895
0 0.045650 0.884395 0.037377 0.089052
0 0.650123 0.707516 0.012255 0.016340
0 0.330576 0.654820 0.045956 0.026961
0 0.379902 0.645016 0.042892 0.043301
0 0.504902 0.609477 0.035539 0.066993
0 0.520221 0.664624 0.025735 0.038399
0 0.528493 0.636846 0.033701 0.023693
0 0.412071 0.782271 0.023897 0.066176