0 0.280637 0.346405 0.039216 0.057190
0 0.402574 0.195670 0.030637 0.044935
0 0.596201 0.110703 0.040441 0.074346
0 0.617647 0.312092 0.030637 0.052288
0 0.811275 0.235294 0.042892 0.047386
0 0.790748 0.366830 0.027574 0.044118
0 0.275429 0.786765 0.059436 0.066993
0 0.363358 0.733252 0.075980 0.025327
0 0.404718 0.686275 0.054534 0.058824
0 0.374387 0.788399 0.044118 0.047386
0 0.312194 0.901144 0.042279 0.057190
0 0.598039 0.742647 0.034314 0.050654
0 0.903493 0.914216 0.055760 0.055556
0 0.780025 0.572304 0.029412 0.067810
0 0.035846 0.451797 0.025123 0.058824
0 0.290135 0.032680 0.022672 0.050654
0 0.641238 0.535539 0.059436 0.043301
0 0.697304 0.943627 0.035539 0.063725
0 0.542279 0.286356 0.034314 0.082516
0 0.847733 0.531863 0.058211 0.040850
0 0.757353 0.145016 0.046569 0.028595