0 0.932904 0.141748 0.027574 0.046569
0 0.973346 0.218954 0.053309 0.042484
0 0.150429 0.397876 0.033701 0.086601
0 0.859069 0.801879 0.029412 0.059641
0 0.671569 0.947712 0.039216 0.042484
0 0.703431 0.935458 0.024510 0.022876
0 0.347733 0.968954 0.030025 0.044118
0 0.339461 0.880719 0.031863 0.071895
0 0.125919 0.709150 0.033701 0.047386
0 0.553309 0.374592 0.022059 0.049837
0 0.430760 0.328431 0.035539 0.047386
0 0.677083 0.259804 0.045343 0.039216
0 0.710478 0.401144 0.026348 0.062092
0 0.763480 0.924837 0.034314 0.104575
0 0.791054 0.808415 0.040441 0.084150
0 0.290441 0.155229 0.036765 0.065359
0 0.631434 0.192402 0.025123 0.085784
0 0.981311 0.696487 0.026348 0.095588
0 0.198223 0.060049 0.028799 0.074346