0 0.030944 0.880719 0.048407 0.032680
0 0.290135 0.905229 0.022672 0.062092
0 0.808824 0.662990 0.060049 0.035131
0 0.469975 0.833333 0.028186 0.057190
0 0.307904 0.392974 0.031250 0.076797
0 0.334865 0.374592 0.022672 0.054739
0 0.427083 0.078023 0.061275 0.064542
0 0.036458 0.265114 0.018995 0.074346
0 0.062500 0.299837 0.056373 0.024510
0 0.285539 0.252451 0.050245 0.034314
0 0.263174 0.290850 0.065564 0.062092
0 0.532782 0.520016 0.030025 0.026961
0 0.551471 0.223856 0.067402 0.042484
0 0.985907 0.263480 0.025735 0.092320
0 0.520833 0.328840 0.015931 0.048203
0 0.539216 0.318627 0.030637 0.045752
0 0.143382 0.259804 0.023284 0.062092
0 0.167279 0.241830 0.033088 0.047386