0 0.660233 0.700980 0.026348 0.071895
0 0.730699 0.946078 0.020221 0.052288
0 0.752145 0.971405 0.022672 0.042484
0 0.743260 0.464461 0.058824 0.044935
0 0.641238 0.614788 0.047181 0.035131
0 0.365502 0.441585 0.017770 0.036765
0 0.395527 0.442810 0.054534 0.042484
0 0.402880 0.406454 0.056985 0.036765
0 0.467218 0.387663 0.053309 0.043301
0 0.360294 0.365605 0.036765 0.040033
0 0.462010 0.317810 0.071078 0.058824
0 0.602022 0.178105 0.049632 0.053922
0 0.612439 0.122549 0.027574 0.047386
0 0.629596 0.107026 0.033701 0.057190
0 0.596814 0.064951 0.029412 0.058007
0 0.024510 0.171160 0.040441 0.074346
0 0.475797 0.615605 0.020221 0.044935
0 0.467218 0.584967 0.050858 0.039216
0 0.458333 0.625000 0.033088 0.060458