0 0.354473 0.605801 0.027574 0.079248
0 0.468137 0.626634 0.024510 0.057190
0 0.647365 0.267565 0.047181 0.059641
0 0.947610 0.263889 0.083946 0.052288
0 0.505515 0.661765 0.046569 0.037582
0 0.831189 0.834559 0.037377 0.054739
0 0.810662 0.940359 0.056373 0.057190
0 0.249081 0.816176 0.044730 0.037582
0 0.365809 0.799428 0.035539 0.095588
0 0.412071 0.822712 0.047181 0.049020
0 0.260417 0.705474 0.067402 0.033497
0 0.242647 0.667484 0.069853 0.052288
0 0.641544 0.431781 0.045343 0.022059
0 0.644301 0.448938 0.053309 0.025327
0 0.804228 0.380310 0.033701 0.046569
0 0.799020 0.443627 0.049020 0.045752
0 0.977022 0.689542 0.045956 0.058824
0 0.355699 0.223448 0.030025 0.058007
0 0.709865 0.839869 0.053309 0.071895
0 0.577206 0.874183 0.035539 0.094771
0 0.523591 0.072304 0.059436 0.035131
0 0.771752 0.095180 0.027574 0.030229