0 0.580270 0.251225 0.024510 0.077614
0 0.364890 0.441585 0.055760 0.040033
0 0.400429 0.126634 0.033701 0.057190
0 0.669730 0.298203 0.042892 0.057190
0 0.331189 0.544935 0.021446 0.052288
0 0.336091 0.580882 0.049632 0.034314
0 0.466912 0.400327 0.042892 0.040850
0 0.508885 0.485703 0.034926 0.035131
0 0.627145 0.584150 0.031250 0.047386
0 0.566483 0.901961 0.047181 0.062092
0 0.575674 0.858660 0.025123 0.055556
0 0.931985 0.119690 0.036765 0.031863
0 0.923713 0.151144 0.037377 0.057190
0 0.042586 0.208333 0.056985 0.047386