0 0.833027 0.493873 0.033701 0.079248
0 0.315564 0.175245 0.042892 0.059641
0 0.216299 0.285948 0.050245 0.042484
0 0.153186 0.196487 0.031863 0.097222
0 0.417892 0.455474 0.031863 0.102124
0 0.980392 0.154412 0.036765 0.066993
0 0.216299 0.900327 0.028186 0.062092
0 0.161152 0.549837 0.050245 0.042484
0 0.127451 0.599673 0.029412 0.057190
0 0.209559 0.812092 0.074755 0.057190
0 0.217525 0.850490 0.034314 0.050654
0 0.647365 0.140931 0.031250 0.090686
0 0.688419 0.671160 0.027574 0.085784
0 0.291360 0.084559 0.032475 0.075980