0 0.724877 0.377042 0.060049 0.035131
0 0.567096 0.843137 0.061887 0.081699
0 0.294424 0.708333 0.031250 0.099673
0 0.060968 0.935866 0.053309 0.069444
0 0.205270 0.499183 0.035539 0.049020
0 0.335478 0.346405 0.022672 0.044118
0 0.274816 0.430964 0.063113 0.026961
0 0.806066 0.488971 0.041054 0.092320
0 0.911765 0.679739 0.039216 0.039216
0 0.838235 0.902778 0.041667 0.057190
0 0.902267 0.960376 0.025123 0.054739
0 0.750306 0.183007 0.053309 0.037582
0 0.215380 0.592729 0.030025 0.067810
0 0.733456 0.344771 0.046569 0.047386
0 0.757966 0.034722 0.023284 0.067810
0 0.120711 0.015523 0.030637 0.031046