0 0.737132 0.669118 0.050245 0.062092
0 0.707108 0.615605 0.035539 0.064542
0 0.454350 0.885621 0.030025 0.076797
0 0.484375 0.905229 0.041054 0.037582
0 0.303922 0.746324 0.028186 0.077614
0 0.331189 0.752451 0.041054 0.094771
0 0.494485 0.390523 0.028186 0.071895
0 0.666054 0.722631 0.035539 0.059641
0 0.693321 0.778595 0.033701 0.071895
0 0.314645 0.050654 0.033701 0.017974
0 0.738971 0.105392 0.037990 0.063725
0 0.398284 0.446895 0.046569 0.024510
0 0.379289 0.484069 0.026961 0.041667
0 0.394914 0.507761 0.050858 0.025327
0 0.228860 0.690768 0.066789 0.026961
0 0.604167 0.442810 0.036765 0.060458
0 0.209252 0.032271 0.027574 0.064542
0 0.222426 0.127451 0.024510 0.060458