0 0.624081 0.773693 0.030025 0.076797
0 0.581189 0.553513 0.026348 0.074346
0 0.861213 0.746324 0.052083 0.046569
0 0.969056 0.588644 0.030025 0.049837
0 0.155944 0.093137 0.037377 0.029412
0 0.539216 0.725082 0.031863 0.084150
0 0.436887 0.569444 0.028186 0.057190
0 0.715686 0.568219 0.029412 0.069444
0 0.756740 0.473039 0.035539 0.057190
0 0.913603 0.106209 0.033088 0.049020
0 0.980086 0.148284 0.031250 0.072712
0 0.699755 0.049837 0.033088 0.088235
0 0.753676 0.736111 0.044118 0.040850
0 0.828125 0.382761 0.021446 0.048203