0 0.125000 0.236928 0.039216 0.044118
0 0.340686 0.446078 0.030637 0.060458
0 0.560049 0.476307 0.026961 0.050654
0 0.555147 0.706699 0.049020 0.042484
0 0.363358 0.683007 0.068627 0.055556
0 0.731924 0.732843 0.052083 0.053922
0 0.835784 0.437908 0.056373 0.047386
0 0.222426 0.955065 0.074755 0.050654
0 0.444240 0.089461 0.047794 0.062908
0 0.228554 0.533905 0.036765 0.036765
0 0.003064 0.373366 0.012255 0.016340
0 0.030944 0.396242 0.055760 0.045752
0 0.384191 0.279820 0.039216 0.031863
0 0.359069 0.839869 0.051471 0.042484
0 0.057598 0.126634 0.037990 0.052288