0 0.644301 0.433415 0.027574 0.075980
0 0.472733 0.026144 0.023897 0.047386
0 0.273591 0.072712 0.032475 0.093137
0 0.219363 0.209150 0.078431 0.039216
0 0.136949 0.508170 0.027574 0.057190
0 0.483150 0.658497 0.021446 0.063725
0 0.692402 0.763889 0.033088 0.065359
0 0.715993 0.941176 0.020221 0.052288
0 0.700368 0.613154 0.069853 0.040033
0 0.242647 0.930147 0.044118 0.077614
0 0.290135 0.926471 0.022672 0.053922
0 0.195159 0.783905 0.043505 0.075980
0 0.045956 0.770833 0.040441 0.066176
0 0.171262 0.448529 0.060662 0.045752
0 0.209559 0.402369 0.039216 0.090686
0 0.274816 0.254493 0.027574 0.072712
0 0.729473 0.424837 0.049632 0.042484
0 0.526654 0.064951 0.032475 0.033497
0 0.667586 0.646650 0.052083 0.033497