0 0.500613 0.055964 0.034314 0.079248
0 0.385417 0.244281 0.029412 0.052288
0 0.200368 0.552288 0.045343 0.040850
0 0.432904 0.566585 0.053309 0.031863
0 0.579657 0.420752 0.033088 0.057190
0 0.677083 0.384395 0.023284 0.038399
0 0.607537 0.487337 0.032475 0.066176
0 0.864890 0.435049 0.021446 0.082516
0 0.403186 0.758170 0.031863 0.057190
0 0.419118 0.856618 0.052696 0.044935
0 0.765012 0.639297 0.021446 0.066176
0 0.772978 0.679739 0.055760 0.042484
0 0.857230 0.144199 0.031863 0.026961
0 0.959559 0.139706 0.041667 0.052288
0 0.874387 0.683007 0.035539 0.039216
0 0.736520 0.697304 0.035539 0.036765