0 0.381127 0.479984 0.055147 0.074346
0 0.401348 0.621324 0.055147 0.080882
0 0.469056 0.615605 0.026348 0.041667
0 0.620098 0.626634 0.025735 0.053922
0 0.712010 0.628676 0.034314 0.079248
0 0.742647 0.546160 0.045343 0.089052
0 0.719363 0.452614 0.039216 0.060458
0 0.804228 0.197304 0.028799 0.048203
0 0.842218 0.250408 0.028799 0.054739
0 0.907169 0.209150 0.020221 0.071895
0 0.184436 0.524510 0.036765 0.032680
0 0.211091 0.716095 0.031250 0.074346
0 0.438725 0.935049 0.031863 0.077614
0 0.614890 0.776552 0.025123 0.054739
0 0.621017 0.676471 0.023897 0.062092
0 0.505208 0.459559 0.058211 0.026961
0 0.174939 0.963644 0.043505 0.061275
0 0.303922 0.104575 0.035539 0.062092
0 0.042279 0.535539 0.030637 0.067810
0 0.543199 0.744690 0.017770 0.064542
0 0.800858 0.107026 0.035539 0.053922