0 0.397365 0.651144 0.045956 0.040850
0 0.448223 0.637663 0.020221 0.064542
0 0.465686 0.781046 0.028186 0.091503
0 0.112439 0.637663 0.045956 0.043301
0 0.250613 0.283905 0.037990 0.062908
0 0.707108 0.218954 0.031863 0.088235
0 0.632966 0.189134 0.033088 0.044935
0 0.174939 0.055556 0.021446 0.052288
0 0.438113 0.455882 0.035539 0.039216
0 0.438113 0.522876 0.033088 0.053922
0 0.550858 0.458742 0.030637 0.090686
0 0.714767 0.386846 0.023897 0.085784
0 0.765625 0.093137 0.023897 0.089869
0 0.950368 0.428922 0.049020 0.039216
0 0.705882 0.862337 0.022059 0.046569
0 0.156250 0.643382 0.040441 0.067810
0 0.264093 0.709967 0.053922 0.071895
0 0.619485 0.827206 0.046569 0.077614
0 0.380515 0.855801 0.074755 0.033497
0 0.505208 0.384395 0.027574 0.079248
0 0.634191 0.267974 0.033088 0.089869
0 0.779412 0.294118 0.030637 0.063725
0 0.908088 0.358660 0.039216 0.053922
0 0.598652 0.386029 0.030637 0.066176
0 0.623468 0.391340 0.028799 0.058824
0 0.666973 0.430964 0.043505 0.064542
0 0.658088 0.963644 0.083333 0.043301
0 0.059130 0.762255 0.026348 0.083333
0 0.482230 0.095180 0.045343 0.033497
0 0.455882 0.091095 0.045343 0.095588
0 0.128064 0.153186 0.028186 0.082516
0 0.169118 0.203840 0.039216 0.075980
0 0.552390 0.633170 0.052083 0.031046
0 0.473958 0.192810 0.031250 0.047386
0 0.496324 0.528595 0.040441 0.104575