0 0.040441 0.214052 0.036765 0.068627
0 0.233762 0.512663 0.021446 0.035131
0 0.275429 0.531454 0.028799 0.035131
0 0.339461 0.522876 0.040441 0.049020
0 0.413603 0.510212 0.039216 0.074346
0 0.164216 0.749592 0.053922 0.043301
0 0.121936 0.543709 0.040441 0.023693
0 0.558211 0.842320 0.028186 0.044118
0 0.587929 0.818627 0.028799 0.050654
0 0.681373 0.446078 0.067402 0.040850
0 0.690257 0.522876 0.047181 0.045752
0 0.861520 0.107843 0.035539 0.039216
0 0.957108 0.134804 0.046569 0.045752
0 0.744792 0.747549 0.033701 0.050654
0 0.795956 0.832108 0.035539 0.043301
0 0.781556 0.918301 0.023897 0.047386