0 0.298407 0.627042 0.046569 0.025327
0 0.365196 0.603758 0.087010 0.042484
0 0.455576 0.625817 0.027574 0.045752
0 0.751225 0.901144 0.041667 0.047386
0 0.595588 0.943627 0.036765 0.070261
0 0.144608 0.816176 0.042892 0.045752
0 0.180760 0.910539 0.031863 0.072712
0 0.267157 0.926879 0.042892 0.036765
0 0.239583 0.285948 0.028186 0.070261
0 0.327512 0.322712 0.049632 0.050654
0 0.105392 0.163399 0.033088 0.065359
0 0.151654 0.263072 0.047181 0.071895
0 0.608150 0.387663 0.028799 0.085784
0 0.811887 0.368464 0.041667 0.070261
0 0.936275 0.211601 0.025735 0.060458
0 0.022059 0.080065 0.035539 0.040850
0 0.030025 0.237745 0.046569 0.049020