0 0.211397 0.540441 0.078431 0.046569
0 0.642770 0.594363 0.047794 0.033497
0 0.325368 0.140114 0.042892 0.031863
0 0.928309 0.892974 0.041667 0.053922
0 0.942708 0.874183 0.043505 0.094771
0 0.716299 0.487337 0.030637 0.059641
0 0.766238 0.481618 0.049632 0.033497
0 0.685662 0.415850 0.037990 0.037582
0 0.631740 0.266340 0.040441 0.045752
0 0.569547 0.183824 0.027574 0.049020
0 0.876838 0.826389 0.045343 0.044935
0 0.138480 0.237745 0.037990 0.052288
0 0.071385 0.148693 0.050858 0.045752
0 0.892157 0.275735 0.050245 0.043301
0 0.776961 0.252042 0.040441 0.033497
0 0.409620 0.424020 0.054534 0.037582
0 0.402574 0.373366 0.012255 0.016340
0 0.424020 0.397876 0.042892 0.049020
0 0.445159 0.805964 0.056985 0.044935
0 0.424326 0.660948 0.025123 0.058824
0 0.527574 0.466095 0.042892 0.026961
0 0.955270 0.606209 0.028186 0.040850