0 0.708027 0.418709 0.023897 0.080882
0 0.753983 0.401144 0.022672 0.062092
0 0.893995 0.254493 0.034314 0.079248
0 0.973652 0.480392 0.046569 0.052288
0 0.824142 0.837418 0.041667 0.044118
0 0.816176 0.960376 0.050245 0.054739
0 0.063419 0.798611 0.055760 0.040033
0 0.129902 0.769608 0.046569 0.047386
0 0.329963 0.381944 0.028799 0.084150
0 0.165441 0.164624 0.041667 0.030229
0 0.117341 0.125817 0.028799 0.091503
0 0.344975 0.263072 0.069853 0.039216
0 0.429841 0.150327 0.052083 0.055556
0 0.506127 0.214869 0.045343 0.040850
0 0.550551 0.381127 0.030025 0.069444
0 0.394914 0.616830 0.058211 0.052288
0 0.126225 0.458742 0.039216 0.041667
0 0.698529 0.663399 0.042892 0.044118
0 0.439338 0.919118 0.073529 0.049020
0 0.620711 0.436275 0.036765 0.050654
0 0.831495 0.633987 0.035539 0.039216