0 0.206189 0.339461 0.052083 0.093954
0 0.112132 0.633170 0.039216 0.034314
0 0.187500 0.803105 0.029412 0.057190
0 0.882353 0.460376 0.031863 0.087418
0 0.571078 0.711601 0.028186 0.076797
0 0.510110 0.937908 0.044730 0.076797
0 0.389706 0.033497 0.042892 0.039216
0 0.537377 0.598448 0.035539 0.064542
0 0.723958 0.665850 0.020221 0.049020
0 0.750306 0.628268 0.025123 0.053922
0 0.337010 0.311275 0.035539 0.063725
0 0.152574 0.035539 0.039216 0.062908
0 0.914828 0.418301 0.073529 0.052288
0 0.156556 0.971405 0.071691 0.049020
0 0.326593 0.907271 0.035539 0.082516
0 0.471201 0.779003 0.040441 0.035131