0 0.816176 0.051062 0.071078 0.044935
0 0.974571 0.110703 0.041054 0.084150
0 0.084865 0.084559 0.026348 0.092320
0 0.154105 0.754085 0.044730 0.052288
0 0.367647 0.720180 0.035539 0.054739
0 0.409620 0.929330 0.055760 0.040033
0 0.504902 0.113971 0.035539 0.090686
0 0.560662 0.069036 0.040441 0.092320
0 0.126838 0.506944 0.028186 0.071078
0 0.918505 0.209967 0.037990 0.070261
0 0.828431 0.559641 0.036765 0.045752
0 0.814338 0.630719 0.039216 0.049020
0 0.666973 0.571078 0.075368 0.044118
0 0.177696 0.694853 0.035539 0.066176
0 0.867953 0.967729 0.027574 0.064542
0 0.347733 0.463644 0.026348 0.044935