0 0.520527 0.354575 0.031250 0.084967
0 0.857230 0.263480 0.033088 0.087418
0 0.164216 0.599265 0.035539 0.102124
0 0.252757 0.706699 0.055760 0.032680
0 0.405025 0.568219 0.031863 0.069444
0 0.481618 0.602124 0.039216 0.057190
0 0.668811 0.691585 0.052083 0.041667
0 0.441483 0.828431 0.041054 0.037582
0 0.630515 0.922794 0.035539 0.077614
0 0.608150 0.456291 0.050858 0.040033
0 0.771446 0.779820 0.074755 0.030229
0 0.771446 0.857026 0.067402 0.034314
0 0.245404 0.083333 0.037377 0.039216
0 0.594056 0.576797 0.061887 0.042484
0 0.738971 0.551062 0.047794 0.028595
0 0.949755 0.615605 0.036765 0.041667
0 0.611213 0.229984 0.055760 0.036765
0 0.030025 0.545752 0.041667 0.111111
0 0.150123 0.880310 0.031863 0.059641
0 0.680147 0.305147 0.026961 0.075980
0 0.663297 0.023284 0.027574 0.046569
0 0.379289 0.354984 0.067402 0.067810
0 0.103554 0.070261 0.031863 0.053922
0 0.126838 0.080882 0.030637 0.052288