0 0.964461 0.241422 0.035539 0.077614
0 0.378676 0.588235 0.035539 0.075163
0 0.607230 0.688725 0.025735 0.062092
0 0.542892 0.767565 0.031863 0.084150
0 0.644608 0.896650 0.033088 0.059641
0 0.279718 0.401552 0.069240 0.035131
0 0.469056 0.564542 0.055760 0.052288
0 0.216299 0.845588 0.031863 0.066993
0 0.121936 0.339052 0.042892 0.039216
0 0.117341 0.459559 0.033701 0.087418
0 0.503064 0.785131 0.034314 0.063725
0 0.612439 0.068627 0.027574 0.053922
0 0.946078 0.065768 0.041667 0.038399
0 0.021446 0.622141 0.039216 0.082516