0 0.199142 0.278186 0.030637 0.062908
0 0.272978 0.322712 0.076593 0.044118
0 0.263480 0.428105 0.037990 0.008170
0 0.144608 0.897876 0.028186 0.066993
0 0.105392 0.808824 0.055147 0.057190
0 0.715686 0.901144 0.041667 0.050654
0 0.569547 0.374183 0.027574 0.062092
0 0.776348 0.374592 0.026961 0.069444
0 0.897672 0.216912 0.034314 0.074346
0 0.976409 0.141748 0.047181 0.038399
0 0.782475 0.168301 0.041667 0.052288
0 0.069240 0.157680 0.029412 0.063725
0 0.116115 0.252859 0.054534 0.072712
0 0.262868 0.626225 0.039216 0.030229
0 0.313419 0.599673 0.056985 0.044118