0 0.120404 0.254493 0.065564 0.038399
0 0.387561 0.348856 0.060662 0.106209
0 0.481618 0.370098 0.026961 0.070261
0 0.567402 0.386438 0.036765 0.096405
0 0.779718 0.060458 0.053309 0.055556
0 0.974877 0.303513 0.039216 0.035131
0 0.936887 0.342320 0.039216 0.035948
0 0.983456 0.366830 0.033088 0.070261
0 0.757966 0.396242 0.028186 0.102941
0 0.773897 0.571078 0.029412 0.098039
0 0.967218 0.762255 0.047181 0.039216
0 0.410233 0.689951 0.050858 0.025327
0 0.511336 0.034722 0.032475 0.064542
0 0.505821 0.167484 0.061887 0.107843
0 0.558211 0.122549 0.055147 0.047386