0 0.957108 0.549837 0.046569 0.052288
0 0.616728 0.416667 0.041054 0.053922
0 0.488971 0.531046 0.053922 0.065359
0 0.137255 0.189134 0.067402 0.041667
0 0.389093 0.317402 0.056373 0.049837
0 0.292892 0.072304 0.042892 0.087418
0 0.134191 0.750000 0.031863 0.065359
0 0.820159 0.261029 0.037377 0.107026
0 0.582414 0.816176 0.063113 0.029412
0 0.605392 0.839052 0.034314 0.053922
0 0.618260 0.254493 0.067402 0.075980
0 0.370404 0.542892 0.028799 0.069444
0 0.234988 0.584150 0.021446 0.050654
0 0.282475 0.585376 0.052696 0.025327
0 0.256434 0.564542 0.026348 0.052288
0 0.093444 0.794118 0.031250 0.062092
0 0.071691 0.064134 0.039216 0.035131
0 0.830270 0.031863 0.037990 0.058824