0 0.157169 0.611520 0.027574 0.030229
0 0.192708 0.614788 0.048407 0.040033
0 0.127451 0.887255 0.051471 0.045752
0 0.302083 0.830474 0.026961 0.058007
0 0.730086 0.783497 0.048407 0.047386
0 0.861826 0.883578 0.053309 0.069444
0 0.679841 0.267157 0.060662 0.057190
0 0.690564 0.110294 0.034314 0.040850
0 0.233762 0.137255 0.033701 0.094771
0 0.033395 0.162173 0.027574 0.072712
0 0.030025 0.102124 0.029412 0.037582
0 0.338235 0.558415 0.078431 0.031863
0 0.560662 0.093546 0.045343 0.061275
0 0.530331 0.219363 0.034926 0.082516
0 0.688419 0.133170 0.053309 0.052288
0 0.929228 0.042075 0.059436 0.044935
0 0.657475 0.976307 0.034314 0.032680
0 0.798100 0.173611 0.059436 0.038399
0 0.014706 0.915441 0.029412 0.085784