0 0.433824 0.795752 0.033088 0.057190
0 0.429841 0.936683 0.041054 0.044935
0 0.831189 0.807190 0.026348 0.049020
0 0.730392 0.821078 0.025735 0.071895
0 0.758578 0.712827 0.067402 0.069444
0 0.553002 0.541258 0.041054 0.054739
0 0.690564 0.930556 0.039216 0.037582
0 0.517770 0.079248 0.056373 0.052288
0 0.510417 0.169118 0.067402 0.032680
0 0.457108 0.330882 0.046569 0.066993
0 0.865809 0.169118 0.050245 0.037582
0 0.150429 0.292075 0.041054 0.049837
0 0.504289 0.382761 0.036765 0.069444
0 0.627757 0.157680 0.037377 0.050654
0 0.873775 0.957108 0.026961 0.067810
0 0.185662 0.820261 0.031863 0.050654