0 0.593444 0.303513 0.087623 0.031863
0 0.662377 0.774918 0.024510 0.098856
0 0.789216 0.639297 0.039216 0.036765
0 0.508272 0.088644 0.037377 0.059641
0 0.137868 0.856618 0.042892 0.049837
0 0.768076 0.877042 0.034926 0.089052
0 0.783088 0.805964 0.035539 0.075980
0 0.976409 0.974673 0.021446 0.042484
0 0.388787 0.962010 0.032475 0.043301
0 0.403186 0.940768 0.039216 0.025327
0 0.453125 0.967729 0.045956 0.035131
0 0.198223 0.885212 0.028799 0.041667
0 0.238358 0.897059 0.030637 0.032680
0 0.174939 0.826389 0.022672 0.059641
0 0.196691 0.929330 0.042892 0.035131
0 0.757966 0.132353 0.023284 0.031046
0 0.719056 0.048203 0.022672 0.040850
0 0.734681 0.089052 0.026961 0.049020