0 0.578431 0.603758 0.030637 0.047386
0 0.443015 0.450980 0.025735 0.055556
0 0.287684 0.535131 0.018995 0.052288
0 0.293505 0.654412 0.025735 0.063725
0 0.703125 0.285539 0.023897 0.069444
0 0.767770 0.223039 0.036765 0.089869
0 0.847733 0.044935 0.061887 0.044118
0 0.365809 0.141748 0.028186 0.038399
0 0.022978 0.138480 0.033701 0.079248
0 0.632659 0.611928 0.027574 0.055556
0 0.728248 0.206699 0.028799 0.063725
0 0.783395 0.106209 0.032475 0.049020
0 0.651042 0.150327 0.023897 0.042484
0 0.679534 0.160131 0.035539 0.035948