0 0.656250 0.236111 0.053922 0.052288
0 0.562500 0.453431 0.026961 0.065359
0 0.166360 0.665850 0.022672 0.049020
0 0.159007 0.771650 0.026348 0.077614
0 0.279105 0.619690 0.023897 0.046569
0 0.219975 0.537173 0.049020 0.026961
0 0.211397 0.435049 0.037990 0.038399
0 0.408395 0.155229 0.018995 0.068627
0 0.238971 0.244690 0.041667 0.025327
0 0.748468 0.656863 0.049632 0.031046
0 0.272365 0.075163 0.027574 0.070261
0 0.186275 0.959559 0.033088 0.035131
0 0.812500 0.475490 0.040441 0.055556
0 0.292892 0.715278 0.061275 0.054739
0 0.323529 0.462827 0.046569 0.026961
0 0.258578 0.409722 0.045343 0.031863
0 0.276961 0.305964 0.034314 0.097222
0 0.297794 0.558415 0.040441 0.031863