0 0.284926 0.620098 0.040441 0.053922
0 0.190257 0.886846 0.058211 0.066176
0 0.367953 0.192402 0.023897 0.092320
0 0.530331 0.392157 0.032475 0.053922
0 0.452512 0.508987 0.028799 0.049020
0 0.448223 0.629902 0.022672 0.088235
0 0.370404 0.802696 0.049632 0.044935
0 0.584865 0.639706 0.050858 0.044118
0 0.687194 0.531454 0.032475 0.079248
0 0.789522 0.412173 0.025123 0.067810
0 0.784314 0.471405 0.037990 0.060458
0 0.957108 0.640523 0.026961 0.055556
0 0.730699 0.973856 0.021446 0.044118
0 0.123775 0.336601 0.067402 0.057190
0 0.135723 0.419118 0.034926 0.091503
0 0.872549 0.236111 0.034314 0.106209
0 0.771446 0.172794 0.034314 0.087418
0 0.733456 0.053922 0.029412 0.075163