0 0.487132 0.390523 0.035539 0.071895
0 0.860294 0.292075 0.050245 0.059641
0 0.196078 0.135212 0.031863 0.049837
0 0.173407 0.425654 0.031863 0.066993
0 0.890931 0.348039 0.025735 0.062092
0 0.057598 0.284722 0.035539 0.069444
0 0.474571 0.620507 0.030025 0.044935
0 0.512561 0.622958 0.030025 0.040033
0 0.546875 0.618873 0.032475 0.028595
0 0.571385 0.579248 0.028799 0.047386
0 0.314032 0.704657 0.050858 0.031863
0 0.231311 0.912990 0.044730 0.036765
0 0.141238 0.771650 0.021446 0.067810
0 0.788297 0.584150 0.025123 0.063725
0 0.988971 0.675245 0.022059 0.071078
0 0.038909 0.197304 0.023897 0.028595