0 0.080576 0.200980 0.061887 0.058824
0 0.158701 0.256127 0.037990 0.022059
0 0.146446 0.323121 0.026961 0.071078
0 0.085172 0.383987 0.068627 0.050654
0 0.088848 0.558415 0.042892 0.082516
0 0.133885 0.569853 0.026348 0.129902
0 0.192708 0.458742 0.053309 0.048203
0 0.262868 0.390931 0.053922 0.031863
0 0.257966 0.358660 0.041667 0.053922
0 0.326287 0.258170 0.054534 0.055556
0 0.792892 0.424020 0.041667 0.053922
0 0.766238 0.499183 0.044730 0.035948
0 0.960478 0.616422 0.025123 0.077614
0 0.776961 0.642565 0.028186 0.066176
0 0.453431 0.888480 0.040441 0.035131
0 0.391238 0.750408 0.025123 0.066176
0 0.393382 0.687092 0.039216 0.034314
0 0.186275 0.677696 0.047794 0.038399
0 0.813725 0.792484 0.025735 0.055556
0 0.587316 0.926471 0.027574 0.044118
0 0.899510 0.631536 0.045343 0.040850
0 0.609988 0.477533 0.053309 0.025327
0 0.501225 0.378676 0.063725 0.036765
0 0.546875 0.085784 0.025123 0.052288
0 0.558824 0.030637 0.029412 0.028595
0 0.761029 0.037173 0.036765 0.035131
0 0.668199 0.145016 0.027574 0.048203
0 0.178309 0.041258 0.036765 0.030229
0 0.681985 0.754493 0.047794 0.033497
0 0.701593 0.416667 0.036765 0.055556