0 0.576593 0.312092 0.046569 0.039216
0 0.574755 0.388072 0.031863 0.037582
0 0.947917 0.553513 0.046569 0.059641
0 0.711703 0.558415 0.041054 0.074346
0 0.570159 0.645833 0.048407 0.044935
0 0.913297 0.950163 0.044730 0.047386
0 0.801164 0.959967 0.044730 0.066993
0 0.697917 0.819853 0.031863 0.079248
0 0.636029 0.897059 0.035539 0.104575
0 0.592218 0.894199 0.026348 0.093954
0 0.214461 0.254902 0.024510 0.029412
0 0.130515 0.170343 0.057598 0.044935
0 0.218137 0.192810 0.020833 0.049020
0 0.465380 0.287173 0.033701 0.044935
0 0.336703 0.669118 0.074142 0.062092
0 0.075061 0.919935 0.075368 0.057190
0 0.177390 0.948529 0.101103 0.044118
0 0.444853 0.156863 0.049020 0.042484