0 0.379902 0.173611 0.033088 0.095588
0 0.381740 0.340686 0.056373 0.071895
0 0.231924 0.635621 0.022672 0.045752
0 0.258578 0.575980 0.033088 0.047386
0 0.073223 0.693627 0.023897 0.057190
0 0.149510 0.965686 0.030637 0.060458
0 0.345282 0.854167 0.023897 0.097222
0 0.482230 0.726716 0.045343 0.066176
0 0.711397 0.823529 0.035539 0.053922
0 0.628370 0.973448 0.033701 0.053105
0 0.907169 0.589869 0.027574 0.106209
0 0.699755 0.571487 0.030637 0.066176
0 0.344975 0.549837 0.044118 0.035948
0 0.939338 0.300245 0.046569 0.041667
0 0.249081 0.144199 0.049632 0.043301
0 0.402574 0.529412 0.025735 0.039216
0 0.018076 0.862745 0.027574 0.060458