0 0.418811 0.608252 0.041054 0.044935
0 0.728554 0.551062 0.025735 0.064542
0 0.229473 0.778595 0.034926 0.066993
0 0.103554 0.957516 0.049020 0.032680
0 0.420650 0.970588 0.037377 0.058824
0 0.453431 0.482843 0.061275 0.062092
0 0.458027 0.620507 0.059436 0.030229
0 0.491115 0.225082 0.058211 0.033497
0 0.101716 0.516340 0.035539 0.052288
0 0.673407 0.848039 0.030637 0.062092
0 0.832721 0.891340 0.045343 0.034314
0 0.477941 0.670343 0.036765 0.046569
0 0.390625 0.763889 0.033701 0.052288
0 0.928309 0.241830 0.046569 0.040850
0 0.972426 0.296160 0.041667 0.074346
0 0.522059 0.329657 0.053922 0.036765
0 0.803002 0.417484 0.028799 0.053922
0 0.507659 0.164216 0.027574 0.047386