0 0.125000 0.751225 0.026961 0.071078
0 0.137868 0.686275 0.041667 0.035948
0 0.064338 0.626634 0.069853 0.066993
0 0.320466 0.677288 0.050245 0.044118
0 0.503370 0.813725 0.059436 0.037582
0 0.618873 0.925245 0.050245 0.030229
0 0.714461 0.851307 0.046569 0.055556
0 0.813725 0.866830 0.040441 0.058824
0 0.857230 0.194036 0.031863 0.072712
0 0.173713 0.312908 0.027574 0.040850
0 0.154718 0.461193 0.043505 0.026961
0 0.173100 0.899510 0.059436 0.040850
0 0.249081 0.823938 0.049632 0.030229
0 0.243873 0.776552 0.036765 0.084150
0 0.553615 0.502451 0.028799 0.045752
0 0.568934 0.442402 0.023897 0.033497
0 0.609988 0.462010 0.027574 0.025327
0 0.417279 0.160131 0.036765 0.045752
0 0.779718 0.449346 0.020221 0.034314
0 0.902880 0.450572 0.023897 0.025327
0 0.936887 0.430147 0.031863 0.041667
0 0.677696 0.563317 0.029412 0.059641
0 0.186275 0.418301 0.030637 0.058824
0 0.253370 0.404820 0.030025 0.066176
0 0.344363 0.116422 0.066176 0.031863
0 0.747855 0.370915 0.034926 0.068627