0 0.566176 0.752859 0.052696 0.054739
0 0.870098 0.768791 0.074755 0.037582
0 0.660539 0.701797 0.031863 0.062092
0 0.586703 0.238971 0.044730 0.082516
0 0.690257 0.391748 0.034926 0.030229
0 0.370404 0.551062 0.030025 0.074346
0 0.343750 0.868464 0.036765 0.062092
0 0.047794 0.609477 0.039216 0.044118
0 0.173100 0.268791 0.049632 0.044118
0 0.654105 0.792484 0.058211 0.049020
0 0.752451 0.548203 0.034314 0.068627
0 0.702512 0.361928 0.025123 0.044118
0 0.383885 0.729167 0.020221 0.087418
0 0.192096 0.180556 0.059436 0.039216