0 0.023897 0.295343 0.026961 0.028595
0 0.050245 0.323121 0.034314 0.030229
0 0.039828 0.687500 0.035539 0.128268
0 0.239277 0.687908 0.025123 0.112745
0 0.242034 0.558415 0.055147 0.035131
0 0.476716 0.534722 0.046569 0.041667
0 0.568321 0.638889 0.048407 0.058824
0 0.695466 0.648284 0.034314 0.033497
0 0.693934 0.680556 0.064338 0.050654
0 0.686581 0.810458 0.059436 0.050654
0 0.929841 0.587827 0.060662 0.030229
0 0.806679 0.716912 0.047181 0.035131
0 0.534926 0.223448 0.031863 0.026961
0 0.837623 0.138889 0.033088 0.044118
0 0.942096 0.095180 0.023897 0.067810
0 0.536152 0.769199 0.036765 0.069444
0 0.129289 0.437908 0.045343 0.050654
0 0.163603 0.444444 0.028186 0.047386
0 0.147059 0.497549 0.033088 0.055556