0 0.058517 0.223448 0.027574 0.054739
0 0.169424 0.410539 0.021446 0.036765
0 0.343137 0.261438 0.025735 0.058824
0 0.050245 0.563317 0.069853 0.031863
0 0.030944 0.494281 0.025123 0.039216
0 0.212010 0.460376 0.036765 0.062908
0 0.456801 0.361111 0.025123 0.055556
0 0.271752 0.637255 0.066789 0.052288
0 0.742647 0.424837 0.033088 0.068627
0 0.876838 0.509395 0.030637 0.028595
0 0.903186 0.178513 0.040441 0.072712
0 0.946385 0.577614 0.045956 0.031046
0 0.881740 0.639706 0.012255 0.016340
0 0.914216 0.676062 0.062500 0.072712
0 0.722426 0.530229 0.037990 0.066993
0 0.431679 0.521242 0.043505 0.052288
0 0.544424 0.612745 0.022672 0.060458
0 0.799632 0.317810 0.045343 0.063725
0 0.832721 0.302696 0.033088 0.026961
0 0.340686 0.408905 0.063725 0.033497