0 0.336397 0.025327 0.034314 0.017974
0 0.354473 0.046977 0.027574 0.069444
0 0.778799 0.170343 0.074755 0.031863
0 0.898897 0.084150 0.049020 0.042484
0 0.547794 0.386438 0.037990 0.058824
0 0.199449 0.173611 0.052083 0.031863
0 0.089154 0.334559 0.025123 0.020425
0 0.101103 0.353350 0.046569 0.036765
0 0.141544 0.690768 0.026961 0.084150
0 0.090380 0.790033 0.050858 0.066993
0 0.397059 0.683007 0.087010 0.035948
0 0.767463 0.797794 0.054534 0.082516
0 0.762868 0.915441 0.075980 0.028595
0 0.914216 0.354984 0.029412 0.054739
0 0.176777 0.421569 0.026348 0.055556
0 0.019914 0.782271 0.028799 0.038399