0 0.170650 0.082108 0.030025 0.067810
0 0.473039 0.094771 0.056373 0.042484
0 0.363051 0.566993 0.044730 0.066993
0 0.747243 0.613154 0.030025 0.064542
0 0.824755 0.524918 0.031863 0.077614
0 0.922488 0.907680 0.033701 0.047386
0 0.731311 0.796977 0.027574 0.054739
0 0.329350 0.885621 0.041054 0.042484
0 0.389400 0.658497 0.026348 0.070261
0 0.453125 0.702206 0.030025 0.064542
0 0.369792 0.673203 0.022672 0.055556
0 0.746630 0.975490 0.022672 0.037582
0 0.741115 0.925654 0.023897 0.058824
0 0.334252 0.337418 0.027574 0.039216
0 0.017770 0.205882 0.035539 0.042484
0 0.905331 0.248775 0.031250 0.067810