0 0.166667 0.101307 0.120098 0.039216
0 0.045343 0.257353 0.051471 0.044118
0 0.156863 0.443219 0.041667 0.031863
0 0.190564 0.471405 0.041667 0.040850
0 0.468444 0.434232 0.063113 0.036765
0 0.328431 0.592729 0.084559 0.084150
0 0.394608 0.836193 0.036765 0.082516
0 0.675245 0.939542 0.039216 0.099673
0 0.740196 0.847631 0.083333 0.033497
0 0.765625 0.709150 0.050858 0.047386
0 0.872549 0.707516 0.039216 0.040850
0 0.940257 0.709967 0.063113 0.068627
0 0.982230 0.433415 0.035539 0.048203
0 0.888787 0.049020 0.059436 0.062092
0 0.415135 0.204248 0.053309 0.045752
0 0.971201 0.100082 0.041667 0.033497
0 0.148284 0.241013 0.042892 0.049020
0 0.188113 0.237745 0.031863 0.029412
0 0.207108 0.283497 0.029412 0.052288