0 0.485907 0.725082 0.025735 0.064542
0 0.614890 0.783497 0.033701 0.062092
0 0.384191 0.667892 0.028186 0.059641
0 0.845895 0.488971 0.041054 0.059641
0 0.473958 0.439134 0.020221 0.064542
0 0.508272 0.453840 0.033701 0.049837
0 0.140012 0.351716 0.023897 0.040033
0 0.226409 0.125408 0.044730 0.049837
0 0.833027 0.319853 0.030025 0.040033
0 0.212623 0.028595 0.039216 0.034314
0 0.586091 0.959559 0.050858 0.069444
0 0.566176 0.847631 0.036765 0.023693
0 0.605392 0.868464 0.041667 0.052288
0 0.548713 0.230801 0.028799 0.069444
0 0.368566 0.465686 0.027574 0.058824
0 0.390625 0.592729 0.031250 0.054739
0 0.939338 0.971814 0.034314 0.056373
0 0.190257 0.087418 0.030025 0.049020