0 0.158701 0.390523 0.050245 0.071895
0 0.291973 0.385621 0.041054 0.037582
0 0.636029 0.446487 0.057598 0.030229
0 0.648284 0.388072 0.067402 0.042484
0 0.800245 0.422794 0.024510 0.097222
0 0.688725 0.840686 0.042892 0.062092
0 0.658701 0.855392 0.024510 0.062092
0 0.762868 0.659314 0.039216 0.076797
0 0.690257 0.571895 0.027574 0.076797
0 0.310968 0.698938 0.033701 0.043301
0 0.403186 0.442810 0.039216 0.037582
0 0.337316 0.390523 0.026348 0.060458
0 0.646752 0.028595 0.032475 0.055556
0 0.655025 0.081291 0.041667 0.028595
0 0.665135 0.107026 0.023897 0.053922
0 0.722426 0.508578 0.040441 0.064542
0 0.731005 0.328023 0.039216 0.074346
0 0.331801 0.154412 0.022672 0.053922
0 0.257047 0.318627 0.017770 0.071895
0 0.287377 0.328840 0.030637 0.051471
0 0.795956 0.710784 0.023284 0.040850