0 0.047181 0.123366 0.040441 0.045752
0 0.103554 0.223448 0.034314 0.067810
0 0.362132 0.171160 0.033088 0.080882
0 0.318627 0.236928 0.036765 0.016340
0 0.360600 0.267565 0.060662 0.030229
0 0.021140 0.361520 0.042279 0.071078
0 0.179841 0.464052 0.058211 0.049020
0 0.242034 0.557190 0.052696 0.040850
0 0.081189 0.890114 0.020221 0.082516
0 0.105392 0.896242 0.037990 0.066993
0 0.148284 0.849673 0.033088 0.045752
0 0.317096 0.775735 0.028799 0.075980
0 0.515012 0.504902 0.050858 0.044118
0 0.772365 0.157680 0.056985 0.044118
0 0.819240 0.131536 0.051471 0.035948
0 0.928615 0.702206 0.025123 0.077614
0 0.646140 0.705882 0.023897 0.050654
0 0.660539 0.820261 0.030637 0.060458
0 0.715074 0.919935 0.052696 0.040850
0 0.928922 0.962827 0.085784 0.041667
0 0.814951 0.245915 0.080882 0.045752