0 0.541667 0.290441 0.028186 0.069444
0 0.678615 0.214461 0.020221 0.079248
0 0.776042 0.394608 0.050858 0.047386
0 0.301777 0.477941 0.044730 0.032680
0 0.487439 0.560866 0.060662 0.066176
0 0.600184 0.649510 0.025123 0.063725
0 0.619792 0.217729 0.042279 0.018791
0 0.621630 0.191176 0.034926 0.055556
0 0.426164 0.467729 0.054534 0.033497
0 0.556373 0.791667 0.026961 0.063725
0 0.876838 0.346405 0.047794 0.044118
0 0.722426 0.259804 0.042892 0.106209
0 0.535233 0.115605 0.025123 0.064542
0 0.517157 0.433415 0.031863 0.098856
0 0.559436 0.602124 0.037990 0.042484
0 0.607537 0.515114 0.025123 0.061275