0 0.053002 0.166667 0.026348 0.052288
0 0.428002 0.337010 0.030025 0.059641
0 0.400429 0.204248 0.033701 0.047386
0 0.423407 0.156863 0.053922 0.037582
0 0.759191 0.455065 0.020833 0.052288
0 0.757353 0.323529 0.024510 0.066993
0 0.715380 0.282271 0.026348 0.079248
0 0.206189 0.803513 0.059436 0.031863
0 0.272365 0.753676 0.027574 0.072712
0 0.302083 0.765114 0.024510 0.069444
0 0.576593 0.910131 0.035539 0.047386
0 0.601409 0.855392 0.037377 0.057190
0 0.758272 0.095997 0.041054 0.044935
0 0.742647 0.142974 0.050245 0.044118
0 0.792892 0.214052 0.029412 0.042484
0 0.798407 0.187500 0.033088 0.028595