0 0.646752 0.792075 0.041054 0.074346
0 0.791973 0.284722 0.055760 0.035131
0 0.596814 0.241013 0.046569 0.071895
0 0.130515 0.675245 0.050245 0.044935
0 0.234375 0.593546 0.037377 0.064542
0 0.353554 0.283497 0.029412 0.052288
0 0.652267 0.582108 0.048407 0.041667
0 0.066176 0.406454 0.029412 0.054739
0 0.226716 0.696487 0.033088 0.077614
0 0.967218 0.482843 0.028799 0.057190
0 0.424939 0.791667 0.023897 0.060458
0 0.307292 0.176879 0.064338 0.035131
0 0.406863 0.407271 0.031863 0.067810
0 0.930760 0.830065 0.044118 0.052288
0 0.941483 0.714869 0.032475 0.062092
0 0.474571 0.372141 0.053309 0.023693
0 0.793199 0.629902 0.022672 0.044118
0 0.434436 0.053105 0.040441 0.060458
0 0.063113 0.524510 0.044118 0.065359
0 0.177390 0.065768 0.020221 0.044935
0 0.672794 0.125817 0.046569 0.040850