0 0.118873 0.192810 0.034314 0.060458
0 0.206495 0.199346 0.047794 0.052288
0 0.266544 0.167484 0.041667 0.057190
0 0.262868 0.214052 0.029412 0.045752
0 0.375306 0.495098 0.018995 0.047386
0 0.533701 0.557190 0.072304 0.047386
0 0.603554 0.780229 0.035539 0.053922
0 0.462623 0.883578 0.041667 0.059641
0 0.385417 0.888072 0.039216 0.047386
0 0.261029 0.926471 0.040441 0.044118
0 0.449449 0.984477 0.058211 0.031046
0 0.832108 0.736111 0.036765 0.057190
0 0.906863 0.945261 0.036765 0.066993
0 0.737132 0.806781 0.026961 0.077614
0 0.709865 0.113154 0.030025 0.085784
0 0.712316 0.181373 0.020221 0.047386
0 0.751838 0.205882 0.047794 0.089869
0 0.787684 0.216095 0.031250 0.089052
0 0.953431 0.413399 0.051471 0.058824
0 0.721814 0.399510 0.034314 0.039216
0 0.729473 0.450980 0.047181 0.057190
0 0.363358 0.174428 0.035539 0.030229
0 0.546875 0.146242 0.032475 0.050654
0 0.584865 0.150327 0.048407 0.058824
0 0.926777 0.085784 0.054534 0.042484
0 0.724571 0.627451 0.056985 0.049020
0 0.219975 0.032680 0.046569 0.044118