0 0.027574 0.282271 0.039216 0.080882
0 0.103248 0.100899 0.061887 0.082516
0 0.327512 0.071487 0.064338 0.084150
0 0.246324 0.317402 0.029412 0.079248
0 0.221201 0.490196 0.034314 0.053922
0 0.197610 0.628268 0.027574 0.057190
0 0.425551 0.422386 0.025123 0.066993
0 0.464767 0.435049 0.053309 0.038399
0 0.589767 0.347222 0.032475 0.062092
0 0.830882 0.404003 0.077206 0.040033
0 0.785846 0.259804 0.022672 0.058824
0 0.517770 0.717320 0.068627 0.047386
0 0.641850 0.645833 0.065564 0.048203
0 0.753064 0.802696 0.037990 0.062908
0 0.981311 0.896242 0.037377 0.094771
0 0.700674 0.958333 0.023897 0.050654
0 0.504902 0.959559 0.045343 0.056373
0 0.342525 0.331291 0.046569 0.036765