0 0.313725 0.555556 0.039216 0.066993
0 0.317402 0.464052 0.046569 0.058824
0 0.324755 0.380310 0.029412 0.046569
0 0.288909 0.260212 0.027574 0.030229
0 0.341912 0.247141 0.066176 0.030229
0 0.455882 0.370098 0.030637 0.034314
0 0.495098 0.391748 0.042892 0.030229
0 0.632047 0.280637 0.026348 0.090686
0 0.661152 0.618873 0.046569 0.038399
0 0.682904 0.830474 0.021446 0.030229
0 0.928615 0.851716 0.027574 0.038399
0 0.780944 0.967320 0.053309 0.063725
0 0.405637 0.666258 0.044118 0.072712
0 0.034007 0.372549 0.047181 0.049020
0 0.145833 0.550654 0.033088 0.040850
0 0.435662 0.610703 0.030637 0.072712
0 0.428615 0.682190 0.033701 0.053922
0 0.436275 0.799020 0.049020 0.049020
0 0.968444 0.972631 0.028799 0.054739
0 0.015625 0.877859 0.030025 0.030229