0 0.799326 0.419118 0.066789 0.094771
0 0.542892 0.160131 0.042892 0.099673
0 0.329350 0.684232 0.044730 0.087418
0 0.060662 0.589869 0.025735 0.066993
0 0.171569 0.809641 0.061275 0.044118
0 0.864890 0.636846 0.030025 0.082516
0 0.801471 0.295752 0.074755 0.052288
0 0.414216 0.880719 0.031863 0.037582
0 0.192402 0.247549 0.042892 0.075163
0 0.859069 0.883170 0.035539 0.104575
0 0.633578 0.858660 0.041667 0.049020
0 0.644301 0.812092 0.060662 0.044118
0 0.168811 0.856618 0.055760 0.062908
0 0.928002 0.630719 0.056985 0.058824
0 0.480392 0.484886 0.062500 0.030229
0 0.503676 0.612337 0.047794 0.038399
0 0.757966 0.524101 0.030637 0.075980