0 0.040135 0.233660 0.052083 0.066993
0 0.458027 0.451389 0.063113 0.059641
0 0.492341 0.610703 0.072917 0.040033
0 0.432598 0.279820 0.046569 0.049837
0 0.765625 0.147059 0.048407 0.042484
0 0.261029 0.191585 0.053922 0.046569
0 0.545650 0.308824 0.070466 0.052288
0 0.630515 0.014297 0.046569 0.028595
0 0.400429 0.788399 0.044730 0.071895
0 0.183824 0.341503 0.050245 0.022876
0 0.216912 0.415850 0.037990 0.037582
0 0.166667 0.514297 0.039216 0.018791
0 0.147978 0.492647 0.016544 0.052288
0 0.405637 0.044526 0.031863 0.040033