0 0.036458 0.321078 0.026348 0.062092
0 0.072610 0.330882 0.069240 0.047386
0 0.343444 0.634395 0.087623 0.031863
0 0.257353 0.537173 0.057598 0.082516
0 0.416054 0.486520 0.061275 0.035131
0 0.745404 0.528595 0.041054 0.094771
0 0.938419 0.837010 0.076593 0.040033
0 0.122243 0.511029 0.018995 0.089052
0 0.155331 0.519608 0.059436 0.058824
0 0.835784 0.627859 0.024510 0.077614
0 0.815564 0.579248 0.041667 0.037582
0 0.958333 0.528186 0.036765 0.079248
0 0.859069 0.584967 0.030637 0.055556
0 0.876532 0.580065 0.021446 0.058824