0 0.780944 0.366830 0.044730 0.070261
0 0.543811 0.459967 0.041054 0.032680
0 0.781863 0.604575 0.028186 0.047386
0 0.728554 0.748775 0.025735 0.051471
0 0.928309 0.802288 0.071078 0.039216
0 0.303002 0.630310 0.030025 0.059641
0 0.648284 0.716503 0.078431 0.032680
0 0.559743 0.278595 0.031250 0.052288
0 0.851716 0.787173 0.025735 0.074346
0 0.138174 0.495098 0.023897 0.071895
0 0.046569 0.708333 0.051471 0.039216
0 0.027574 0.584559 0.039216 0.026961
0 0.245098 0.756536 0.036765 0.044118
0 0.295037 0.726716 0.025123 0.062908
0 0.327206 0.058007 0.046569 0.047386
0 0.590993 0.482435 0.020221 0.062908
0 0.930147 0.482435 0.047794 0.018791
0 0.597426 0.095997 0.033088 0.062908