0 0.215074 0.191993 0.039216 0.052288
0 0.167279 0.084967 0.033088 0.063725
0 0.302083 0.081699 0.024510 0.057190
0 0.612132 0.161356 0.034314 0.084150
0 0.853554 0.380310 0.069853 0.043301
0 0.526348 0.891340 0.012255 0.016340
0 0.555453 0.922386 0.058211 0.062092
0 0.276042 0.946895 0.022672 0.057190
0 0.047794 0.531046 0.089461 0.042484
0 0.233762 0.468546 0.044730 0.031863
0 0.181985 0.616830 0.053922 0.052288
0 0.071078 0.982026 0.045343 0.035948
0 0.851409 0.805147 0.058211 0.036765
0 0.422181 0.674428 0.029412 0.044935