0 0.162377 0.363154 0.031863 0.077614
0 0.405025 0.298611 0.035539 0.082516
0 0.454350 0.380719 0.026348 0.052288
0 0.548407 0.471405 0.046569 0.039216
0 0.616728 0.343137 0.030025 0.047386
0 0.462623 0.549837 0.031863 0.032680
0 0.424326 0.909314 0.033701 0.080065
0 0.480392 0.926879 0.049020 0.074346
0 0.535539 0.919118 0.028186 0.070261
0 0.598652 0.945261 0.042892 0.066993
0 0.594056 0.978758 0.041054 0.039216
0 0.744485 0.818219 0.035539 0.087418
0 0.379596 0.355801 0.041054 0.067810
0 0.630515 0.059641 0.064951 0.047386