0 0.442096 0.588235 0.058211 0.075163
0 0.559743 0.726307 0.083946 0.042484
0 0.797488 0.415441 0.037377 0.092320
0 0.488051 0.234886 0.044730 0.079248
0 0.634191 0.302288 0.031863 0.044118
0 0.303922 0.043709 0.042892 0.074346
0 0.055147 0.772467 0.022059 0.069444
0 0.078431 0.810866 0.057598 0.026961
0 0.300245 0.762663 0.053922 0.035131
0 0.283395 0.801062 0.069240 0.067810
0 0.327512 0.903186 0.033701 0.092320
0 0.348039 0.884395 0.022059 0.059641
0 0.130515 0.768791 0.046569 0.027778
0 0.536458 0.837418 0.017770 0.053922
0 0.549939 0.821078 0.021446 0.049020
0 0.159007 0.766340 0.026348 0.057190
0 0.184436 0.754902 0.039216 0.053922