0 0.171875 0.209967 0.087623 0.037582
0 0.384498 0.104575 0.023897 0.068627
0 0.299020 0.106209 0.042892 0.052288
0 0.447610 0.197304 0.094975 0.028595
0 0.630208 0.214052 0.027574 0.065359
0 0.649203 0.221814 0.027574 0.074346
0 0.442708 0.391340 0.021446 0.052288
0 0.061275 0.405637 0.040441 0.040033
0 0.041360 0.557598 0.082721 0.030229
0 0.109375 0.727533 0.058211 0.036765
0 0.047181 0.879493 0.063725 0.026961
0 0.605086 0.736111 0.027574 0.057190
0 0.891544 0.739379 0.041667 0.044118
0 0.609988 0.399918 0.027574 0.072712
0 0.653186 0.375000 0.040441 0.053922
0 0.700980 0.332925 0.040441 0.074346