0 0.335478 0.736111 0.025123 0.070261
0 0.314951 0.808824 0.039216 0.063725
0 0.237745 0.977533 0.036765 0.044935
0 0.398284 0.506944 0.046569 0.071078
0 0.644608 0.175654 0.041667 0.049020
0 0.910539 0.409722 0.041667 0.025327
0 0.943321 0.431781 0.031250 0.062908
0 0.317402 0.622141 0.036765 0.072712
0 0.656250 0.049837 0.031863 0.098039
0 0.243260 0.149918 0.028186 0.079248
0 0.577819 0.782271 0.077206 0.035131
0 0.740196 0.462827 0.028186 0.030229
0 0.767463 0.854167 0.036152 0.046569
0 0.937500 0.030229 0.050245 0.049020
0 0.276654 0.150327 0.023897 0.096405