0 0.662684 0.862337 0.028799 0.040033
0 0.391850 0.665033 0.016544 0.050654
0 0.219669 0.736520 0.018995 0.053105
0 0.090074 0.542484 0.036765 0.045752
0 0.189645 0.504085 0.055760 0.034314
0 0.737132 0.898693 0.035539 0.083333
0 0.795650 0.773693 0.021446 0.089869
0 0.622243 0.677288 0.021446 0.065359
0 0.172181 0.828840 0.037990 0.084150
0 0.518995 0.769199 0.040441 0.028595
0 0.494485 0.764706 0.044118 0.101307
0 0.359681 0.616422 0.037990 0.074346
0 0.243260 0.746324 0.045343 0.030229
0 0.662377 0.931781 0.036765 0.090686
0 0.812500 0.968954 0.033088 0.053922
0 0.159926 0.495507 0.080882 0.079248
0 0.775123 0.492239 0.044118 0.035131
0 0.292586 0.958742 0.043505 0.071078
0 0.249694 0.664624 0.053309 0.028595
0 0.097426 0.706699 0.041667 0.068627
0 0.056679 0.746732 0.059436 0.049020
0 0.020527 0.785131 0.041054 0.040850