0 0.218137 0.116830 0.061275 0.032680
0 0.405944 0.089461 0.033701 0.072712
0 0.561581 0.212827 0.050858 0.030229
0 0.435355 0.421569 0.044730 0.084967
0 0.414216 0.524918 0.064951 0.022059
0 0.452512 0.517157 0.026348 0.071895
0 0.197917 0.417892 0.031863 0.082516
0 0.218137 0.403186 0.024510 0.107026
0 0.353860 0.838235 0.052083 0.039216
0 0.366728 0.712418 0.023897 0.034314
0 0.409620 0.727533 0.047181 0.026961
0 0.395221 0.756944 0.033088 0.031863
0 0.333333 0.472222 0.037990 0.049020
0 0.218444 0.503268 0.052083 0.053922
0 0.270527 0.465278 0.052083 0.069444