0 0.084559 0.647467 0.069853 0.041667
0 0.168199 0.500817 0.061887 0.058824
0 0.103554 0.299837 0.036765 0.055556
0 0.344669 0.328840 0.022672 0.082516
0 0.420956 0.415033 0.039216 0.102941
0 0.555147 0.389706 0.029412 0.055556
0 0.620711 0.260621 0.039216 0.037582
0 0.369179 0.131536 0.023897 0.096405
0 0.793505 0.891340 0.052696 0.066993
0 0.813725 0.100899 0.025735 0.085784
0 0.770833 0.277369 0.040441 0.046569
0 0.893995 0.149918 0.024510 0.075980
0 0.820772 0.799428 0.021446 0.062908
0 0.849571 0.754493 0.059436 0.040033
0 0.351409 0.971405 0.028799 0.052288
0 0.098346 0.794935 0.028799 0.057190
0 0.178309 0.732026 0.041667 0.039216
0 0.145221 0.236111 0.046569 0.049020
0 0.425245 0.148284 0.047794 0.038399