0 0.836703 0.813317 0.037377 0.087418
0 0.287377 0.618056 0.050245 0.089052
0 0.491728 0.308415 0.026348 0.067810
0 0.677083 0.492647 0.042892 0.057190
0 0.912377 0.542484 0.042892 0.052288
0 0.044730 0.704248 0.024510 0.057190
0 0.306373 0.372958 0.033088 0.075980
0 0.215380 0.166258 0.034926 0.064542
0 0.178615 0.583333 0.022672 0.052288
0 0.060968 0.623366 0.025123 0.044118
0 0.659314 0.230392 0.037990 0.044118
0 0.748468 0.209150 0.026348 0.035948
0 0.797181 0.083333 0.028186 0.057190
0 0.140931 0.771650 0.028186 0.036765
0 0.766850 0.668301 0.037377 0.050654
0 0.731924 0.549837 0.056985 0.045752