0 0.734988 0.367647 0.031250 0.047386
0 0.733150 0.243464 0.032475 0.052288
0 0.726716 0.135212 0.035539 0.035131
0 0.529718 0.614788 0.044730 0.038399
0 0.204963 0.890114 0.020221 0.066176
0 0.145833 0.200980 0.042892 0.052288
0 0.400735 0.501634 0.049020 0.037582
0 0.539828 0.164624 0.024510 0.074346
0 0.704963 0.041258 0.032475 0.071078
0 0.374081 0.036356 0.054534 0.043301
0 0.344056 0.365196 0.056985 0.040850
0 0.264093 0.641748 0.064951 0.033497
0 0.171875 0.842320 0.028799 0.044118
0 0.457108 0.702206 0.033088 0.067810
0 0.556985 0.925654 0.052696 0.049020
0 0.946998 0.145016 0.061887 0.025327
0 0.209865 0.481618 0.056985 0.033497
0 0.233762 0.421569 0.056985 0.058824
0 0.056679 0.055147 0.059436 0.030229
0 0.885110 0.178922 0.036152 0.045752
0 0.929534 0.265114 0.044118 0.075980
0 0.970282 0.232026 0.025123 0.066993
0 0.333640 0.773284 0.033701 0.061275
0 0.353248 0.312908 0.045956 0.057190
0 0.941483 0.709967 0.045956 0.049020
0 0.332414 0.146650 0.026348 0.059641
0 0.613051 0.646650 0.054534 0.036765
0 0.498775 0.714052 0.050245 0.044118
0 0.255821 0.582516 0.048407 0.034314
0 0.917892 0.575163 0.072304 0.042484
0 0.415748 0.834150 0.026348 0.057190
0 0.439951 0.069036 0.051471 0.035131
0 0.041667 0.141340 0.041667 0.049020