0 0.448836 0.339461 0.041054 0.074346
0 0.500919 0.340686 0.055760 0.037582
0 0.169118 0.471405 0.012255 0.016340
0 0.184743 0.498775 0.031250 0.054739
0 0.102635 0.647876 0.047181 0.034314
0 0.574755 0.385621 0.028186 0.071895
0 0.954350 0.395425 0.022672 0.047386
0 0.602941 0.562500 0.031863 0.087418
0 0.718137 0.675654 0.026961 0.050654
0 0.211703 0.652778 0.030025 0.042484
0 0.619485 0.197304 0.034314 0.056373
0 0.121936 0.172794 0.050245 0.067810
0 0.474571 0.032680 0.027574 0.063725
0 0.890012 0.594363 0.052083 0.061275
0 0.826287 0.928105 0.045956 0.060458