0 0.341299 0.452614 0.053922 0.047386
0 0.513787 0.261438 0.048407 0.042484
0 0.330882 0.113562 0.012255 0.016340
0 0.351409 0.149510 0.041054 0.071895
0 0.468137 0.175245 0.061275 0.035131
0 0.934743 0.419118 0.058211 0.049020
0 0.885110 0.813317 0.026348 0.092320
0 0.469975 0.587010 0.028186 0.082516
0 0.094975 0.437908 0.028186 0.032680
0 0.300245 0.276144 0.024510 0.066993
0 0.249694 0.667075 0.022672 0.067810
0 0.146446 0.035539 0.046569 0.069444
0 0.243260 0.138072 0.042892 0.042484
0 0.863664 0.685458 0.044730 0.044118