0 0.170956 0.506944 0.037990 0.026961
0 0.142770 0.324755 0.024510 0.077614
0 0.149816 0.224265 0.022672 0.044935
0 0.196385 0.095180 0.058211 0.030229
0 0.303922 0.029820 0.050245 0.023693
0 0.262255 0.171160 0.023284 0.036765
0 0.541360 0.025327 0.021446 0.049020
0 0.382659 0.771650 0.058211 0.020425
0 0.487439 0.635621 0.027574 0.065359
0 0.448836 0.565768 0.031250 0.071078
0 0.298100 0.260621 0.021446 0.019608
0 0.264093 0.275735 0.041667 0.043301
0 0.719363 0.207108 0.053922 0.031863
0 0.779718 0.057190 0.096201 0.055556
0 0.791360 0.027778 0.052083 0.053922
0 0.488358 0.730392 0.040441 0.042484
0 0.360294 0.593546 0.034314 0.072712
0 0.410233 0.630719 0.060662 0.029412