0 0.292892 0.120507 0.031863 0.059641
0 0.600797 0.263889 0.061887 0.057190
0 0.668811 0.221405 0.044730 0.042484
0 0.791973 0.073529 0.025123 0.060458
0 0.532475 0.802696 0.039216 0.028595
0 0.635417 0.832925 0.042892 0.028595
0 0.018076 0.488971 0.034926 0.028595
0 0.221201 0.654003 0.079657 0.028595
0 0.145833 0.979984 0.033088 0.040033
0 0.559436 0.346405 0.055147 0.057190
0 0.322304 0.429739 0.031863 0.055556
0 0.532782 0.056781 0.020221 0.023693
0 0.549326 0.030229 0.027574 0.035948
0 0.560662 0.011438 0.025735 0.022876