0 0.169424 0.347222 0.054534 0.052288
0 0.535539 0.175245 0.035539 0.075980
0 0.718750 0.200163 0.047794 0.057190
0 0.706801 0.272059 0.028799 0.053922
0 0.988664 0.337418 0.021446 0.042484
0 0.984681 0.526961 0.030637 0.037582
0 0.759804 0.818627 0.049020 0.047386
0 0.930453 0.919935 0.018995 0.053922
0 0.860907 0.830474 0.041667 0.080882
0 0.667586 0.855801 0.033701 0.071078
0 0.558211 0.939951 0.033088 0.071078
0 0.542279 0.840686 0.039216 0.037582
0 0.538603 0.330474 0.062500 0.044935
0 0.488051 0.026552 0.033701 0.053105
0 0.682292 0.685458 0.050858 0.037582
0 0.818015 0.644199 0.051471 0.041667
0 0.352022 0.668709 0.045956 0.111928
0 0.286765 0.477124 0.031863 0.062092
0 0.435968 0.385212 0.061887 0.043301
0 0.577206 0.460376 0.052696 0.048203
0 0.526042 0.448529 0.061887 0.032680
0 0.333640 0.133170 0.069240 0.055556