0 0.116115 0.899510 0.021446 0.057190
0 0.091299 0.832516 0.012255 0.016340
0 0.104167 0.871324 0.025735 0.077614
0 0.491728 0.839869 0.023897 0.052288
0 0.530944 0.899918 0.023897 0.074346
0 0.455270 0.703840 0.031863 0.084150
0 0.355392 0.748775 0.039216 0.056373
0 0.229473 0.567402 0.048407 0.043301
0 0.244485 0.530229 0.023284 0.053922
0 0.280025 0.551471 0.030637 0.068627
0 0.472733 0.274918 0.018995 0.069444
0 0.686581 0.384395 0.033701 0.069444
0 0.704350 0.564951 0.021446 0.069444
0 0.675245 0.952206 0.036765 0.030229
0 0.875613 0.819853 0.030637 0.072712
0 0.927696 0.887255 0.073529 0.052288
0 0.897059 0.927288 0.028186 0.062092
0 0.968444 0.950980 0.049632 0.068627
0 0.661152 0.262255 0.051471 0.037582
0 0.693627 0.225899 0.073529 0.038399
0 0.640931 0.049428 0.031863 0.074346
0 0.721507 0.033905 0.063113 0.038399
0 0.035846 0.381944 0.043505 0.054739
0 0.090380 0.143382 0.055760 0.041667
0 0.121324 0.121324 0.031863 0.059641
0 0.178922 0.389706 0.045343 0.065359
0 0.129902 0.549020 0.044118 0.050654
0 0.154718 0.058824 0.048407 0.052288
0 0.707414 0.678513 0.037377 0.087418