0 0.160539 0.929330 0.039216 0.074346
0 0.515625 0.799428 0.033701 0.044935
0 0.762868 0.523693 0.031863 0.114379
0 0.854473 0.374183 0.023897 0.104575
0 0.896446 0.089461 0.056373 0.041667
0 0.839461 0.199346 0.031863 0.055556
0 0.202819 0.464461 0.033088 0.084150
0 0.131434 0.745098 0.023897 0.055556
0 0.706189 0.152778 0.065564 0.040850
0 0.846814 0.055147 0.037990 0.077614
0 0.420956 0.750408 0.034314 0.035131
0 0.669424 0.576797 0.043505 0.052288
0 0.194547 0.973856 0.036152 0.047386
0 0.635417 0.053922 0.047794 0.049020
0 0.683517 0.072304 0.055760 0.028595
0 0.048713 0.332516 0.058211 0.049020