0 0.598039 0.480392 0.029412 0.040850
0 0.520833 0.263480 0.036765 0.044935
0 0.483456 0.315768 0.037990 0.035131
0 0.659620 0.268382 0.020221 0.062908
0 0.746017 0.530229 0.020221 0.049020
0 0.704657 0.609886 0.036765 0.072712
0 0.458946 0.761029 0.031863 0.058007
0 0.381740 0.562500 0.036765 0.079248
0 0.764706 0.920343 0.047794 0.031863
0 0.703431 0.815768 0.026961 0.066176
0 0.815564 0.757761 0.045343 0.026961
0 0.565870 0.937500 0.032475 0.079248
0 0.558211 0.799020 0.037990 0.035948
0 0.683824 0.892974 0.030637 0.047386
0 0.837010 0.143382 0.050245 0.028595
0 0.546875 0.365605 0.045956 0.040033
0 0.479167 0.507761 0.036765 0.033497
0 0.772978 0.712827 0.031250 0.053105
0 0.460172 0.413807 0.029412 0.066176
0 0.788297 0.325163 0.056985 0.037582
0 0.265931 0.169526 0.042892 0.080882
0 0.722426 0.139706 0.035539 0.055556
0 0.762561 0.142565 0.054534 0.074346
0 0.749081 0.600490 0.050858 0.065359
0 0.325061 0.427288 0.054534 0.040850