0 0.286765 0.444444 0.034314 0.040850
0 0.108456 0.848448 0.044118 0.025327
0 0.252757 0.785948 0.036152 0.039216
0 0.032782 0.973856 0.021446 0.044118
0 0.883272 0.416667 0.032475 0.045752
0 0.957108 0.275735 0.036765 0.043301
0 0.968137 0.575572 0.042892 0.030229
0 0.518382 0.979167 0.041667 0.030229
0 0.949755 0.949346 0.029412 0.049020
0 0.338235 0.447712 0.050245 0.050654
0 0.384804 0.394608 0.012255 0.032680
0 0.575674 0.410539 0.025123 0.033497
0 0.103860 0.372958 0.020221 0.031863
0 0.293811 0.981209 0.025123 0.037582
0 0.426164 0.214869 0.026348 0.040850