0 0.066789 0.462827 0.026961 0.036765
0 0.229473 0.553922 0.025123 0.037582
0 0.242034 0.594363 0.023284 0.040033
0 0.242647 0.667075 0.026961 0.017157
0 0.249081 0.479984 0.064338 0.033497
0 0.869792 0.491830 0.028799 0.053922
0 0.472426 0.296977 0.040441 0.018791
0 0.469669 0.271242 0.022672 0.052288
0 0.378370 0.445261 0.017770 0.045752
0 0.375306 0.392974 0.021446 0.049020
0 0.621017 0.938317 0.018995 0.043301
0 0.431679 0.602124 0.063113 0.058824
0 0.928002 0.802696 0.018995 0.025327
0 0.747243 0.860703 0.018995 0.030229
0 0.739277 0.873775 0.022672 0.022059
0 0.284620 0.586193 0.018995 0.026961
0 0.022365 0.799428 0.023897 0.022059
0 0.717525 0.484886 0.047794 0.061275