0 0.968750 0.419935 0.044118 0.068627
0 0.695159 0.359069 0.056985 0.038399
0 0.600184 0.027778 0.060662 0.050654
0 0.200368 0.049428 0.030637 0.080882
0 0.132047 0.046977 0.022672 0.035131
0 0.154718 0.064951 0.030025 0.036765
0 0.147672 0.114788 0.041667 0.038399
0 0.028186 0.148693 0.030637 0.052288
0 0.350184 0.367647 0.023897 0.062092
0 0.461397 0.479984 0.034314 0.077614
0 0.117953 0.465686 0.068015 0.055556
0 0.456189 0.616422 0.018995 0.026961
0 0.458027 0.665033 0.022672 0.053922
0 0.385417 0.774101 0.031863 0.069444
0 0.346201 0.943627 0.036765 0.053922
0 0.502451 0.982843 0.042892 0.034314
0 0.556373 0.972631 0.026961 0.054739
0 0.944547 0.791667 0.031250 0.084967
0 0.780637 0.767157 0.033088 0.065359
0 0.742034 0.979167 0.044118 0.041667
0 0.973039 0.915850 0.037990 0.093137
0 0.698223 0.548611 0.018995 0.033497
0 0.690870 0.591912 0.020221 0.038399
0 0.070466 0.057190 0.034314 0.058824
0 0.518382 0.579248 0.024510 0.070261