0 0.745711 0.389297 0.023284 0.071078
0 0.769608 0.342729 0.037990 0.031863
0 0.762868 0.245507 0.026961 0.026961
0 0.818015 0.287990 0.030637 0.023693
0 0.858456 0.267565 0.030637 0.030229
0 0.360907 0.609069 0.042892 0.028595
0 0.311581 0.703431 0.034926 0.045752
0 0.287684 0.492239 0.058211 0.038399
0 0.384804 0.345588 0.035539 0.068627
0 0.170650 0.366013 0.059436 0.035948
0 0.791973 0.317810 0.025123 0.019608
0 0.792586 0.252451 0.018995 0.053922
0 0.807904 0.243464 0.021446 0.047386
0 0.833946 0.232843 0.042892 0.058824
0 0.399510 0.134804 0.031863 0.055556