0 0.831189 0.254085 0.041054 0.057190
0 0.270527 0.738562 0.031250 0.057190
0 0.346814 0.636438 0.035539 0.052288
0 0.155025 0.697712 0.024510 0.080065
0 0.644608 0.964869 0.052696 0.052288
0 0.582108 0.667892 0.053922 0.035131
0 0.265625 0.388072 0.048407 0.032680
0 0.696078 0.638072 0.057598 0.029412
0 0.703431 0.859477 0.053922 0.039216
0 0.362132 0.455882 0.012255 0.016340
0 0.378676 0.497141 0.033088 0.082516
0 0.025123 0.590278 0.049020 0.025327
0 0.167892 0.121324 0.039216 0.072712
0 0.470895 0.785948 0.037377 0.055556
0 0.610600 0.618056 0.047181 0.071078
0 0.672794 0.676062 0.039216 0.072712
0 0.610600 0.219363 0.056985 0.038399
0 0.030025 0.933415 0.029412 0.040033
0 0.501225 0.388480 0.063725 0.036765
0 0.799632 0.343137 0.035539 0.070261
0 0.591299 0.343137 0.042892 0.053922