0 0.653186 0.344771 0.042892 0.050654
0 0.493260 0.372549 0.036765 0.055556
0 0.318627 0.169526 0.067402 0.036765
0 0.154718 0.165033 0.072917 0.062092
0 0.477022 0.036356 0.058211 0.064542
0 0.588542 0.493464 0.075368 0.050654
0 0.501225 0.554739 0.073529 0.049020
0 0.541973 0.597222 0.022672 0.058824
0 0.425245 0.780637 0.078431 0.038399
0 0.228554 0.632761 0.039216 0.025327
0 0.255208 0.617239 0.047181 0.031863
0 0.721201 0.776552 0.030637 0.080882
0 0.656250 0.831291 0.049020 0.038399
0 0.315564 0.972222 0.040441 0.037582
0 0.117953 0.936683 0.045956 0.046569
0 0.160846 0.926062 0.060662 0.085784
0 0.076287 0.977941 0.053309 0.039216
0 0.862439 0.603758 0.031250 0.083333
0 0.964154 0.679739 0.065564 0.049020