0 0.764093 0.771242 0.022059 0.062092
0 0.714461 0.467320 0.020833 0.052288
0 0.558517 0.361928 0.037377 0.075163
0 0.280944 0.609477 0.037377 0.076797
0 0.682598 0.057190 0.039216 0.081699
0 0.578431 0.888072 0.035539 0.062092
0 0.863971 0.448938 0.053922 0.025327
0 0.218137 0.477533 0.039216 0.126634
0 0.419730 0.242647 0.053922 0.034314
0 0.215074 0.826389 0.039216 0.035131
0 0.230086 0.774918 0.023897 0.026961
0 0.885723 0.733660 0.045956 0.035948
0 0.869179 0.402778 0.030025 0.055556
0 0.838848 0.781863 0.030637 0.044118
0 0.974877 0.392157 0.044118 0.037582
0 0.375919 0.335784 0.065564 0.058824