0 0.747243 0.533905 0.033701 0.049837
0 0.834865 0.667892 0.037377 0.049837
0 0.559436 0.757761 0.042892 0.069444
0 0.294730 0.615605 0.028186 0.054739
0 0.152267 0.700572 0.030025 0.054739
0 0.220895 0.129085 0.041054 0.037582
0 0.437500 0.024918 0.045343 0.041667
0 0.933517 0.723856 0.048407 0.042484
0 0.248162 0.234886 0.024510 0.064542
0 0.124081 0.108252 0.048407 0.040033
0 0.144608 0.502451 0.035539 0.032680
0 0.595282 0.931781 0.056985 0.026961
0 0.616115 0.954657 0.055760 0.031863
0 0.774510 0.878268 0.033088 0.049020
0 0.802696 0.184641 0.039216 0.060458
0 0.742953 0.385621 0.048407 0.057190
0 0.885723 0.622141 0.068015 0.031863
0 0.884498 0.639297 0.068015 0.038399
0 0.118873 0.850082 0.039216 0.089052
0 0.646752 0.269199 0.048407 0.033497
0 0.778186 0.290850 0.052696 0.044118
0 0.299020 0.344771 0.035539 0.040850
0 0.320772 0.019199 0.018995 0.030229
0 0.390625 0.824346 0.023897 0.058824