0 0.713542 0.508578 0.055760 0.020425
0 0.801471 0.596814 0.031863 0.028595
0 0.785846 0.637255 0.020221 0.065359
0 0.335172 0.618873 0.036765 0.056373
0 0.207721 0.770833 0.040441 0.075980
0 0.245711 0.492239 0.042892 0.025327
0 0.640319 0.344771 0.050245 0.044118
0 0.716299 0.348039 0.025735 0.057190
0 0.728860 0.306781 0.048407 0.028595
0 0.481618 0.138480 0.039216 0.082516
0 0.248468 0.306781 0.065564 0.041667
0 0.493566 0.370098 0.048407 0.034314
0 0.789522 0.283088 0.068015 0.028595
0 0.901348 0.298611 0.079657 0.031863
0 0.402574 0.654820 0.025735 0.026961
0 0.571385 0.924020 0.031250 0.052288
0 0.166973 0.979167 0.061887 0.033497
0 0.781250 0.775735 0.044118 0.035131
0 0.834559 0.691993 0.036765 0.053922
0 0.962929 0.908088 0.065564 0.046569
0 0.104779 0.468954 0.041667 0.045752
0 0.775123 0.324346 0.034314 0.047386