0 0.543811 0.450163 0.033701 0.091503
0 0.544730 0.495098 0.050245 0.052288
0 0.313419 0.778595 0.027574 0.062092
0 0.298407 0.894199 0.068627 0.030229
0 0.414216 0.894199 0.035539 0.049837
0 0.703431 0.277369 0.039216 0.044935
0 0.731311 0.250000 0.031250 0.044118
0 0.041973 0.441585 0.044730 0.044935
0 0.908701 0.886029 0.035539 0.090686
0 0.792892 0.486520 0.031863 0.049837
0 0.664522 0.263072 0.030025 0.075163
0 0.740502 0.097631 0.022672 0.075980
0 0.505515 0.849673 0.041667 0.042484
0 0.646752 0.906454 0.025123 0.077614