0 0.463848 0.179330 0.029412 0.087418
0 0.287990 0.178105 0.041667 0.060458
0 0.329657 0.129085 0.041667 0.050654
0 0.367034 0.217320 0.040441 0.049020
0 0.636029 0.442402 0.051471 0.074346
0 0.701287 0.481618 0.053309 0.030229
0 0.634498 0.558824 0.026348 0.057190
0 0.716299 0.606209 0.012255 0.016340
0 0.727022 0.639297 0.021446 0.066176
0 0.848346 0.581699 0.049632 0.042484
0 0.873162 0.809232 0.030637 0.120098
0 0.797488 0.744690 0.020221 0.067810
0 0.815564 0.746324 0.026961 0.080882
0 0.825061 0.832108 0.025123 0.064542
0 0.806679 0.870098 0.023897 0.071895
0 0.021752 0.271242 0.027574 0.049020
0 0.825674 0.933415 0.036152 0.043301
0 0.831189 0.900327 0.025123 0.042484
0 0.642157 0.631536 0.041667 0.060458