0 0.172488 0.052288 0.048407 0.062092
0 0.783701 0.267157 0.031863 0.094771
0 0.625000 0.635621 0.057598 0.084967
0 0.194240 0.507353 0.042892 0.127451
0 0.674326 0.471405 0.055760 0.034314
0 0.416973 0.951389 0.030025 0.093954
0 0.028186 0.075980 0.039216 0.099673
0 0.791973 0.808824 0.053309 0.063725
0 0.391850 0.559232 0.033701 0.071078
0 0.426471 0.852533 0.042892 0.043301
0 0.170037 0.626634 0.055760 0.040850
0 0.077512 0.909722 0.055760 0.043301
0 0.802083 0.568219 0.035539 0.072712
0 0.551777 0.569036 0.050858 0.036765
0 0.373775 0.102941 0.037990 0.045752
0 0.382966 0.441993 0.034314 0.055556
0 0.412684 0.366830 0.050858 0.037582
0 0.757966 0.894608 0.025735 0.057190
0 0.759498 0.321487 0.060662 0.033497
0 0.758578 0.113154 0.031863 0.089052