0 0.152880 0.072304 0.064338 0.031863
0 0.145221 0.109477 0.046569 0.049020
0 0.274203 0.124183 0.033701 0.053922
0 0.321078 0.148693 0.041667 0.049020
0 0.155331 0.337418 0.036152 0.039216
0 0.223039 0.350899 0.055147 0.028595
0 0.109069 0.437908 0.045343 0.053922
0 0.076287 0.520833 0.065564 0.028595
0 0.157475 0.484886 0.037990 0.071078
0 0.182598 0.435049 0.035539 0.018791
0 0.303922 0.474673 0.055147 0.022876
0 0.375000 0.702206 0.035539 0.074346
0 0.253983 0.810458 0.069240 0.044118
0 0.684130 0.268382 0.023897 0.069444
0 0.775123 0.149918 0.069853 0.031863
0 0.962929 0.118873 0.025123 0.043301
0 0.317096 0.361928 0.064338 0.063725
0 0.170956 0.680556 0.042892 0.066993
0 0.648591 0.448529 0.026348 0.062092
0 0.350797 0.589052 0.022672 0.053922
0 0.390012 0.446078 0.020221 0.050654
0 0.332414 0.078431 0.042279 0.053922
0 0.764400 0.533088 0.027574 0.079248
0 0.179534 0.254493 0.069853 0.028595
0 0.417279 0.077614 0.049020 0.032680
0 0.748468 0.095997 0.033701 0.035131
0 0.879902 0.085376 0.041667 0.074346
0 0.037071 0.722631 0.032475 0.074346