0 0.494485 0.345588 0.031863 0.081699
0 0.511949 0.255310 0.026348 0.049837
0 0.234069 0.289624 0.063725 0.064542
0 0.273591 0.595997 0.041054 0.059641
0 0.241728 0.212827 0.063113 0.049837
0 0.037377 0.441585 0.072304 0.044935
0 0.050245 0.570670 0.046569 0.035131
0 0.066483 0.785948 0.048407 0.052288
0 0.802083 0.302696 0.033088 0.087418
0 0.818627 0.029412 0.030637 0.044118
0 0.680453 0.069853 0.056985 0.026961
0 0.966912 0.161765 0.040441 0.049020
0 0.527267 0.811683 0.018995 0.074346
0 0.547488 0.783905 0.044730 0.035131
0 0.466299 0.625817 0.036765 0.039216
0 0.369179 0.832108 0.026348 0.080882
0 0.103860 0.609886 0.060662 0.026961
0 0.180147 0.451797 0.045343 0.062092
0 0.750000 0.875817 0.039216 0.057190
0 0.709252 0.973856 0.056985 0.047386
0 0.051777 0.188317 0.021446 0.033497
0 0.068627 0.904820 0.033088 0.023693
0 0.581495 0.404003 0.036765 0.040033
0 0.606618 0.122141 0.039216 0.030229
0 0.819240 0.670343 0.034314 0.049837
0 0.618260 0.726716 0.022059 0.022059