0 0.904105 0.754902 0.015319 0.055556
0 0.685662 0.708742 0.031863 0.074346
0 0.409926 0.580474 0.028186 0.067810
0 0.840074 0.595588 0.031863 0.057190
0 0.129902 0.615605 0.039216 0.072712
0 0.224877 0.535131 0.031863 0.060458
0 0.232537 0.588235 0.033701 0.055556
0 0.247549 0.685458 0.046569 0.034314
0 0.351409 0.698121 0.031250 0.044935
0 0.362132 0.604575 0.028186 0.057190
0 0.903493 0.288399 0.030025 0.058824
0 0.645527 0.343954 0.086397 0.032680
0 0.691789 0.302696 0.041667 0.074346
0 0.076900 0.548203 0.026348 0.062092
0 0.790748 0.769199 0.053309 0.035131
0 0.520833 0.724265 0.046569 0.054739
0 0.528493 0.686275 0.052083 0.055556
0 0.167892 0.972222 0.034314 0.050654
0 0.985600 0.534722 0.027574 0.079248