0 0.150735 0.139297 0.040441 0.071078
0 0.261949 0.186275 0.020221 0.053922
0 0.290135 0.184641 0.055760 0.070261
0 0.134498 0.449346 0.022672 0.050654
0 0.150735 0.402778 0.037990 0.058824
0 0.018995 0.456291 0.036765 0.071078
0 0.361520 0.644199 0.026961 0.092320
0 0.363971 0.720588 0.036765 0.047386
0 0.617647 0.761438 0.037990 0.031046
0 0.337623 0.833333 0.031863 0.058824
0 0.411458 0.923203 0.037377 0.101307
0 0.774510 0.792484 0.040441 0.058824
0 0.933824 0.830474 0.037990 0.074346
0 0.969975 0.169118 0.029412 0.050654
0 0.987745 0.203431 0.024510 0.047386