0 0.121324 0.481618 0.035539 0.069444
0 0.033701 0.276144 0.053922 0.052288
0 0.625000 0.405229 0.061275 0.057190
0 0.848958 0.716503 0.069240 0.042484
0 0.750000 0.070670 0.061275 0.040033
0 0.298713 0.837418 0.022672 0.050654
0 0.285233 0.975082 0.022672 0.049837
0 0.328738 0.816993 0.028799 0.101307
0 0.259804 0.281863 0.037990 0.052288
0 0.903493 0.825572 0.034926 0.033497
0 0.162990 0.970588 0.049020 0.040850
0 0.245098 0.439134 0.044118 0.033497
0 0.599265 0.426062 0.031863 0.033497
0 0.570159 0.955474 0.036152 0.040033
0 0.246017 0.050654 0.020221 0.055556
0 0.353248 0.962827 0.022672 0.069444