0 0.482230 0.354167 0.029412 0.059641
0 0.651961 0.613154 0.025735 0.059641
0 0.712623 0.628268 0.028186 0.104575
0 0.646446 0.813317 0.049020 0.087418
0 0.200674 0.622958 0.033701 0.064542
0 0.185662 0.548611 0.060049 0.074346
0 0.185355 0.274918 0.041054 0.093954
0 0.444240 0.054739 0.031863 0.047386
0 0.509191 0.052288 0.031863 0.062092
0 0.783701 0.756127 0.039216 0.087418
0 0.364583 0.786765 0.047794 0.050654
0 0.035846 0.371732 0.032475 0.053922
0 0.100490 0.354984 0.033088 0.040033
0 0.102941 0.060049 0.033088 0.071078
0 0.467218 0.208333 0.022672 0.050654
0 0.977328 0.482435 0.041667 0.041667
0 0.875000 0.187908 0.026961 0.060458
0 0.937500 0.209150 0.037990 0.032680