0 0.232537 0.248775 0.028799 0.074346
0 0.575061 0.301062 0.021446 0.115196
0 0.674632 0.501634 0.042892 0.084967
0 0.866728 0.244690 0.025123 0.089052
0 0.754289 0.028186 0.030637 0.056373
0 0.699142 0.826389 0.031863 0.072712
0 0.675551 0.665441 0.020221 0.077614
0 0.318627 0.783497 0.031863 0.094771
0 0.137561 0.805147 0.049632 0.030229
0 0.568627 0.691993 0.039216 0.044118
0 0.956495 0.551471 0.040441 0.058824
0 0.502145 0.898693 0.056985 0.039216
0 0.446385 0.392565 0.018995 0.025327
0 0.416667 0.247958 0.045343 0.031863
0 0.457108 0.241830 0.042892 0.047386
0 0.473652 0.020016 0.075980 0.040033
0 0.912071 0.036356 0.020221 0.061275
0 0.985907 0.122141 0.028186 0.036765
0 0.654412 0.233660 0.050245 0.047386
0 0.811887 0.662582 0.034314 0.099673