0 0.788297 0.752451 0.037377 0.070261
0 0.511029 0.058415 0.028186 0.054739
0 0.197917 0.629085 0.035539 0.066993
0 0.347120 0.788399 0.072917 0.047386
0 0.180760 0.279820 0.039216 0.098856
0 0.712623 0.625817 0.031863 0.089869
0 0.484375 0.359477 0.033701 0.075163
0 0.651042 0.604575 0.031250 0.066993
0 0.446691 0.087827 0.045343 0.035131
0 0.440564 0.053105 0.030637 0.044118
0 0.926777 0.203431 0.052083 0.047386
0 0.042279 0.370915 0.035539 0.058824
0 0.200980 0.556373 0.029412 0.042484
0 0.588542 0.977533 0.022672 0.044935
0 0.101103 0.061683 0.029412 0.067810
0 0.397059 0.069853 0.029412 0.064542
0 0.645221 0.806781 0.037990 0.074346