0 0.549326 0.321078 0.030025 0.066993
0 0.810662 0.089869 0.049020 0.052288
0 0.864583 0.162582 0.012255 0.016340
0 0.879596 0.196487 0.030025 0.067810
0 0.896446 0.392974 0.067402 0.062092
0 0.169118 0.725490 0.012255 0.016340
0 0.191483 0.752859 0.044730 0.054739
0 0.681066 0.453840 0.027574 0.074346
0 0.518689 0.138072 0.047181 0.065359
0 0.957108 0.084559 0.046569 0.077614
0 0.151348 0.856618 0.031863 0.049837
0 0.470895 0.359477 0.033701 0.104575
0 0.058211 0.745507 0.079657 0.069444
0 0.111213 0.783088 0.064338 0.026961
0 0.325980 0.426062 0.036765 0.077614