0 0.350797 0.804330 0.043505 0.044935
0 0.443627 0.739379 0.044118 0.034314
0 0.443015 0.771650 0.052696 0.036765
0 0.803002 0.595180 0.031250 0.038399
0 0.880208 0.707516 0.021446 0.060458
0 0.442402 0.551062 0.044118 0.028595
0 0.312806 0.549837 0.037377 0.065359
0 0.143382 0.752451 0.035539 0.052288
0 0.539828 0.392157 0.024510 0.088235
0 0.722733 0.489788 0.060662 0.043301
0 0.788909 0.542484 0.026348 0.057190
0 0.653799 0.526144 0.046569 0.029412
0 0.365196 0.633987 0.031863 0.058824
0 0.068015 0.924837 0.041667 0.040850
0 0.678309 0.305147 0.047794 0.044935
0 0.728248 0.123775 0.033701 0.074346
0 0.936581 0.178105 0.060662 0.063725
0 0.328738 0.433415 0.052083 0.028595
0 0.237132 0.176879 0.042892 0.079248
0 0.141544 0.568219 0.036765 0.066176
0 0.196385 0.879902 0.027574 0.052288