0 0.377757 0.401552 0.037377 0.054739
0 0.356311 0.563317 0.027574 0.089052
0 0.402267 0.542484 0.041054 0.062092
0 0.461703 0.416667 0.070466 0.044118
0 0.942402 0.560866 0.050245 0.064542
0 0.821691 0.600899 0.018382 0.059641
0 0.139706 0.758578 0.046569 0.087418
0 0.293811 0.133170 0.043505 0.039216
0 0.458946 0.867647 0.029412 0.031046
0 0.497549 0.874183 0.040441 0.040850
0 0.039522 0.756944 0.022672 0.028595
0 0.086397 0.636438 0.025735 0.050654
0 0.085784 0.598448 0.029412 0.038399
0 0.882659 0.755719 0.056985 0.055556
0 0.681373 0.695261 0.031863 0.053922
0 0.457721 0.304330 0.046569 0.030229
0 0.463848 0.289216 0.041667 0.034314
0 0.030944 0.185458 0.055760 0.039216