0 0.503676 0.307190 0.031863 0.034314
0 0.546569 0.260212 0.050245 0.059641
0 0.492647 0.595997 0.035539 0.074346
0 0.360907 0.524918 0.025735 0.077614
0 0.565257 0.346814 0.054534 0.054739
0 0.905025 0.569444 0.024510 0.057190
0 0.297794 0.802288 0.082108 0.039216
0 0.335478 0.909722 0.027574 0.036765
0 0.700368 0.763072 0.036765 0.034314
0 0.691483 0.637255 0.023897 0.045752
0 0.411458 0.248775 0.027574 0.074346
0 0.898284 0.225082 0.068627 0.043301
0 0.365502 0.731209 0.026348 0.040850
0 0.347426 0.092729 0.044118 0.038399
0 0.382966 0.566585 0.024510 0.041667