0 0.073836 0.542484 0.044730 0.052288
0 0.057904 0.773693 0.031250 0.057190
0 0.042892 0.837010 0.042892 0.059641
0 0.181985 0.883170 0.060049 0.037582
0 0.866422 0.813317 0.067402 0.036765
0 0.658701 0.346814 0.042892 0.059641
0 0.326593 0.470997 0.031863 0.054739
0 0.610294 0.385621 0.046569 0.052288
0 0.678922 0.099673 0.035539 0.037582
0 0.380515 0.758578 0.050245 0.036765
0 0.915135 0.905229 0.026348 0.047386
0 0.983150 0.926879 0.031250 0.069444
0 0.893076 0.361928 0.020221 0.047386
0 0.987132 0.140931 0.025735 0.030229
0 0.495098 0.184641 0.035539 0.031046
0 0.538297 0.180147 0.059436 0.028595
0 0.160539 0.946895 0.046569 0.047386
0 0.088848 0.882761 0.042892 0.023693
0 0.563113 0.772467 0.033088 0.041667
0 0.696691 0.866013 0.067402 0.124183
0 0.171875 0.255310 0.056985 0.026961