0 0.046569 0.340686 0.041667 0.049020
0 0.054534 0.557598 0.037990 0.026961
0 0.133885 0.549837 0.044730 0.035948
0 0.361213 0.271242 0.059436 0.049020
0 0.163603 0.185458 0.023284 0.089869
0 0.189645 0.228350 0.028799 0.067810
0 0.468137 0.127042 0.037990 0.033497
0 0.375613 0.183007 0.039216 0.040850
0 0.563113 0.187908 0.033088 0.053922
0 0.675245 0.300245 0.029412 0.038399
0 0.708027 0.592729 0.023897 0.071078
0 0.067402 0.840686 0.047794 0.084967
0 0.188725 0.979167 0.030637 0.041667
0 0.644301 0.977941 0.022672 0.035948
0 0.707414 0.022059 0.088848 0.035948
0 0.331189 0.402369 0.047181 0.036765
0 0.750000 0.982435 0.044118 0.023693