0 0.164828 0.053105 0.033088 0.047386
0 0.134498 0.111928 0.030025 0.057190
0 0.461397 0.049837 0.029412 0.070261
0 0.534926 0.310866 0.039216 0.033497
0 0.694547 0.397059 0.058211 0.066993
0 0.560662 0.590278 0.045343 0.028595
0 0.398591 0.642565 0.063113 0.031863
0 0.558211 0.632353 0.068627 0.042484
0 0.620711 0.679739 0.034314 0.039216
0 0.453125 0.756944 0.063113 0.035131
0 0.114277 0.488971 0.063113 0.035131
0 0.146446 0.740196 0.034314 0.042484
0 0.596201 0.887255 0.052696 0.062092
0 0.626532 0.874183 0.034926 0.053922
0 0.912377 0.308824 0.047794 0.042484
0 0.886949 0.121324 0.072917 0.044935