0 0.653799 0.430964 0.041667 0.084150
0 0.603860 0.331699 0.055760 0.053922
0 0.488051 0.914624 0.021446 0.071078
0 0.889093 0.950980 0.036765 0.065359
0 0.981005 0.445261 0.036765 0.062092
0 0.827512 0.403595 0.030025 0.053922
0 0.600490 0.722631 0.049020 0.033497
0 0.710478 0.147467 0.028799 0.071078
0 0.899203 0.273693 0.054534 0.050654
0 0.964154 0.665441 0.027574 0.084150
0 0.861213 0.618056 0.066789 0.043301
0 0.201900 0.689951 0.056985 0.035131
0 0.237132 0.603758 0.037990 0.058824
0 0.309130 0.282271 0.060662 0.030229
0 0.643076 0.045752 0.053309 0.042484
0 0.090993 0.069853 0.026348 0.080882
0 0.292586 0.580474 0.022672 0.079248
0 0.726409 0.532680 0.022672 0.058824
0 0.746017 0.404003 0.033701 0.040033
0 0.970588 0.057190 0.035539 0.049020