0 0.646446 0.503676 0.036765 0.084150
0 0.696998 0.560866 0.044730 0.044935
0 0.930760 0.511029 0.050245 0.074346
0 0.476716 0.241013 0.049020 0.057190
0 0.280637 0.812500 0.082108 0.044935
0 0.157782 0.583333 0.037377 0.060458
0 0.057598 0.743464 0.035539 0.062092
0 0.561581 0.379493 0.031250 0.049837
0 0.782475 0.120507 0.082108 0.069444
0 0.694240 0.767565 0.042892 0.040033
0 0.556066 0.906454 0.023897 0.049837
0 0.450061 0.025327 0.036152 0.045752
0 0.096814 0.398284 0.040441 0.072712
0 0.123162 0.203431 0.040441 0.060458
0 0.053002 0.841503 0.056985 0.042484