0 0.953125 0.561683 0.023897 0.067810
0 0.515319 0.268791 0.042892 0.045752
0 0.238664 0.504085 0.052083 0.042484
0 0.221814 0.379493 0.045343 0.031863
0 0.324142 0.490196 0.042892 0.057190
0 0.287377 0.508170 0.047794 0.060458
0 0.141544 0.511846 0.046569 0.074346
0 0.627145 0.183007 0.026348 0.053922
0 0.647978 0.171160 0.027574 0.046569
0 0.688419 0.166258 0.032475 0.071078
0 0.849265 0.133987 0.040441 0.091503
0 0.768076 0.381127 0.034926 0.038399
0 0.618260 0.384395 0.015931 0.041667
0 0.635417 0.378676 0.033088 0.040033
0 0.622855 0.343137 0.022672 0.057190
0 0.297181 0.171160 0.031863 0.040033
0 0.377145 0.641340 0.027574 0.047386
0 0.388787 0.615605 0.050858 0.031863
0 0.280637 0.834967 0.064951 0.052288