0 0.039216 0.365605 0.024510 0.072712
0 0.102635 0.124592 0.034926 0.097222
0 0.230392 0.464869 0.022059 0.062092
0 0.369485 0.495098 0.046569 0.062092
0 0.346814 0.658088 0.031863 0.069444
0 0.653186 0.564542 0.046569 0.042484
0 0.819853 0.351716 0.022059 0.054739
0 0.745404 0.725082 0.033701 0.035131
0 0.873162 0.206699 0.017157 0.057190
0 0.958946 0.194036 0.031863 0.058007
0 0.888787 0.151961 0.030025 0.052288
0 0.233150 0.174020 0.058211 0.037582
0 0.568015 0.812500 0.037990 0.031863
0 0.818627 0.725899 0.045343 0.033497
0 0.812194 0.691993 0.020221 0.044118
0 0.895527 0.206699 0.018995 0.047386