0 0.648284 0.577206 0.056373 0.036765
0 0.590380 0.508578 0.018995 0.069444
0 0.610294 0.467729 0.039216 0.031863
0 0.793811 0.267157 0.033701 0.094771
0 0.223652 0.650735 0.031863 0.054739
0 0.870404 0.944036 0.048407 0.069444
0 0.380515 0.813725 0.053922 0.052288
0 0.343137 0.557190 0.042892 0.027778
0 0.507353 0.255310 0.020833 0.064542
0 0.817402 0.414216 0.042892 0.039216
0 0.863051 0.694036 0.048407 0.046569
0 0.326287 0.633170 0.023897 0.034314
0 0.314032 0.670343 0.032475 0.030229
0 0.456801 0.021650 0.025123 0.043301
0 0.226103 0.140114 0.026961 0.072712