0 0.578431 0.812092 0.024510 0.099673
0 0.905944 0.965686 0.030025 0.068627
0 0.158701 0.450163 0.035539 0.052288
0 0.195159 0.767565 0.030025 0.084150
0 0.783701 0.104575 0.031863 0.062092
0 0.639706 0.270016 0.039216 0.030229
0 0.643689 0.305964 0.023897 0.041667
0 0.325674 0.170343 0.022672 0.084150
0 0.209865 0.482843 0.030025 0.066993
0 0.906556 0.443627 0.023897 0.062092
0 0.807292 0.529412 0.022672 0.058824
0 0.284926 0.320670 0.025735 0.072712
0 0.305453 0.258170 0.017770 0.039216
0 0.318015 0.242239 0.030637 0.033497
0 0.725797 0.321487 0.014093 0.036765