0 0.172488 0.560049 0.053309 0.035131
0 0.152880 0.904820 0.049632 0.040033
0 0.295037 0.897876 0.032475 0.063725
0 0.256434 0.673611 0.066789 0.040033
0 0.258272 0.616422 0.060662 0.071078
0 0.450061 0.604575 0.056985 0.050654
0 0.604473 0.586601 0.061887 0.042484
0 0.460784 0.908905 0.083333 0.038399
0 0.923713 0.590278 0.045956 0.059641
0 0.864277 0.371732 0.034926 0.053922
0 0.776348 0.377451 0.053922 0.052288
0 0.785846 0.258170 0.041054 0.089869
0 0.902267 0.107843 0.030025 0.071895
0 0.353248 0.433415 0.027574 0.056373
0 0.929534 0.684641 0.039216 0.045752