0 0.345895 0.929330 0.026348 0.069444
0 0.473652 0.675245 0.039216 0.049837
0 0.439645 0.627042 0.041054 0.107026
0 0.557598 0.739788 0.046569 0.069444
0 0.673407 0.784722 0.039216 0.059641
0 0.684743 0.704248 0.031250 0.052288
0 0.650123 0.636846 0.052696 0.046569
0 0.608456 0.522467 0.039216 0.041667
0 0.611213 0.488971 0.037377 0.035131
0 0.833946 0.956291 0.035539 0.059641
0 0.905025 0.074755 0.035539 0.102124
0 0.597120 0.029412 0.023897 0.058824
0 0.519608 0.199346 0.033088 0.062092
0 0.701593 0.041258 0.035539 0.064542
0 0.766850 0.344363 0.023897 0.049837
0 0.337623 0.250000 0.028186 0.094771
0 0.371324 0.184232 0.020833 0.077614
0 0.429228 0.100899 0.016544 0.084150
0 0.406863 0.095997 0.039216 0.069444
0 0.705270 0.569444 0.035539 0.081699
0 0.806066 0.619281 0.027574 0.066993
0 0.787377 0.350490 0.024510 0.066993
0 0.807904 0.346814 0.023897 0.059641
0 0.474571 0.567402 0.027574 0.040033
0 0.236826 0.206291 0.017770 0.084150
0 0.245711 0.172794 0.033088 0.061275
0 0.758885 0.227124 0.021446 0.047386
0 0.782782 0.399918 0.021446 0.022059
0 0.830882 0.325572 0.044118 0.031863
0 0.771752 0.379493 0.025123 0.031863
0 0.783395 0.663399 0.022672 0.063725
0 0.807904 0.702614 0.016544 0.047386
0 0.826287 0.719771 0.020221 0.052288
0 0.786458 0.885212 0.028799 0.041667
0 0.517770 0.780637 0.028186 0.035131
0 0.743566 0.571487 0.031250 0.028595