0 0.534314 0.519608 0.074755 0.047386
0 0.561581 0.475082 0.031250 0.067810
0 0.598652 0.189134 0.046569 0.092320
0 0.901042 0.207925 0.058211 0.059641
0 0.676164 0.479167 0.041054 0.054739
0 0.645527 0.054739 0.020221 0.062092
0 0.561581 0.716503 0.023897 0.076797
0 0.219056 0.751225 0.033701 0.062908
0 0.254596 0.520425 0.053309 0.053922
0 0.399510 0.614788 0.036765 0.036765
0 0.396752 0.683824 0.059436 0.047386
0 0.398284 0.741013 0.031863 0.057190
0 0.498775 0.816176 0.028186 0.065359
0 0.567096 0.832925 0.030025 0.079248
0 0.889706 0.039624 0.030637 0.067810
0 0.524510 0.188725 0.044118 0.045752