0 0.321078 0.423611 0.051471 0.028595
0 0.220588 0.550654 0.042892 0.060458
0 0.350490 0.689134 0.040441 0.033497
0 0.677696 0.649918 0.026961 0.077614
0 0.120098 0.879902 0.046569 0.052288
0 0.393995 0.186275 0.037990 0.114379
0 0.398284 0.341503 0.036765 0.047386
0 0.503064 0.300654 0.031863 0.053922
0 0.508578 0.312908 0.012255 0.016340
0 0.526348 0.342320 0.035539 0.058824
0 0.596814 0.321895 0.041667 0.042484
0 0.869179 0.522876 0.030025 0.035948
0 0.812194 0.917484 0.025123 0.052288
0 0.548100 0.865605 0.050858 0.030229
0 0.260110 0.517565 0.064338 0.035131
0 0.259191 0.541258 0.049020 0.035131
0 0.387255 0.481209 0.035539 0.053922
0 0.416667 0.489788 0.037990 0.043301
0 0.915441 0.535131 0.062500 0.053922
0 0.642157 0.112745 0.044118 0.049020
0 0.984988 0.360294 0.028799 0.044118
0 0.782475 0.832925 0.034314 0.072712
0 0.079963 0.301062 0.030025 0.046569
0 0.383272 0.694853 0.021446 0.066176