0 0.574142 0.629902 0.031863 0.047386
0 0.430453 0.541258 0.053309 0.018791
0 0.946385 0.326389 0.045956 0.071078
0 0.643689 0.640931 0.066789 0.031863
0 0.678309 0.616422 0.037990 0.061275
0 0.601103 0.783088 0.028186 0.036765
0 0.607537 0.823938 0.020221 0.040033
0 0.511336 0.891748 0.034926 0.025327
0 0.451287 0.635212 0.023897 0.084150
0 0.479779 0.667892 0.028186 0.022059
0 0.504902 0.638480 0.030637 0.020425
0 0.133885 0.462010 0.044730 0.048203
0 0.161152 0.444444 0.033088 0.060458
0 0.137868 0.795343 0.034314 0.071078
0 0.925551 0.591912 0.028799 0.056373
0 0.954963 0.591912 0.018995 0.048203
0 0.815564 0.531046 0.039216 0.049020
0 0.488051 0.116830 0.026348 0.053922
0 0.443627 0.128676 0.026961 0.080882
0 0.219363 0.285948 0.035539 0.063725
0 0.985294 0.699755 0.029412 0.044935
0 0.348346 0.080882 0.030025 0.086601
0 0.797181 0.036765 0.035539 0.073529
0 0.459559 0.426062 0.040441 0.033497
0 0.689645 0.199755 0.045956 0.033497
0 0.337010 0.724265 0.047794 0.033497
0 0.700674 0.944444 0.021446 0.058824
0 0.174326 0.762255 0.026348 0.065359
0 0.374694 0.756536 0.025123 0.053922
0 0.256740 0.291667 0.039216 0.086601
0 0.718137 0.012663 0.029412 0.023693
0 0.760417 0.032680 0.035539 0.060458