0 0.646752 0.154412 0.058211 0.040850
0 0.909620 0.799428 0.025123 0.031863
0 0.943934 0.647059 0.027574 0.053922
0 0.739890 0.522876 0.018995 0.045752
0 0.476409 0.773693 0.026348 0.055556
0 0.385110 0.540441 0.025123 0.030229
0 0.515012 0.705474 0.025123 0.030229
0 0.829963 0.790033 0.017770 0.037582
0 0.413297 0.357435 0.023897 0.044935
0 0.513787 0.060049 0.022672 0.033497
0 0.537071 0.072712 0.018995 0.011438
0 0.425245 0.862337 0.035539 0.023693
0 0.112439 0.798203 0.056985 0.047386
0 0.542279 0.147467 0.026961 0.036765
0 0.723346 0.257353 0.018995 0.047386
0 0.489890 0.263889 0.037377 0.031046
0 0.533395 0.342320 0.023897 0.055556