0 0.864890 0.589461 0.033701 0.077614
0 0.963542 0.341912 0.022672 0.084150
0 0.859069 0.288807 0.029412 0.107026
0 0.640931 0.481618 0.029412 0.059641
0 0.609069 0.532271 0.022059 0.067810
0 0.700674 0.645425 0.048407 0.089869
0 0.557598 0.785948 0.035539 0.062092
0 0.312500 0.377042 0.025735 0.054739
0 0.393689 0.592320 0.027574 0.066993
0 0.313419 0.760212 0.038603 0.049837
0 0.567096 0.906454 0.020221 0.054739
0 0.605392 0.912582 0.022059 0.057190
0 0.585784 0.914216 0.020833 0.065359
0 0.228554 0.672794 0.014706 0.084150
0 0.207108 0.661765 0.039216 0.057190
0 0.132047 0.815359 0.027574 0.088235
0 0.029412 0.770016 0.030637 0.087418
0 0.164216 0.751225 0.022059 0.087418
0 0.171875 0.701797 0.031250 0.052288
0 0.498162 0.606209 0.046569 0.070261